{
 "cells": [
  {
   "cell_type": "code",
   "execution_count": 4,
   "metadata": {},
   "outputs": [],
   "source": [
    "pacotes <- c(\"IntroCompFinR\", \"tidyquant\",\"tidyverse\")\n",
    "for(i in pacotes){\n",
    "    suppressPackageStartupMessages(library(i, character.only = T))\n",
    "}\n",
    "options(warn = -1)"
   ]
  },
  {
   "cell_type": "code",
   "execution_count": 5,
   "metadata": {},
   "outputs": [],
   "source": [
    "acoes <- c(\"TRPL4.SA\",\"ITUB4.SA\", \"GRND3.SA\", \"ABCB4.SA\", \"WEGE3.SA\")\n",
    "data_inicio <- Sys.Date()-365*8\n",
    "ret_d <- tq_get(acoes, from = data_inicio) %>%\n",
    "  group_by(symbol) %>%\n",
    "  tq_transmute(select = adjusted, mutate_fun = dailyReturn) %>%\n",
    "  spread(key = symbol, value = daily.returns)"
   ]
  },
  {
   "cell_type": "code",
   "execution_count": 7,
   "metadata": {},
   "outputs": [
    {
     "name": "stdout",
     "output_type": "stream",
     "text": [
      " ABCB4.SA  GRND3.SA  ITUB4.SA  TRPL4.SA  WEGE3.SA \n",
      "0.1749844 0.2240167 0.1803508 0.3220771 0.4036003 \n"
     ]
    }
   ],
   "source": [
    "retorno_medio <- colMeans(ret_d[,-1])*252\n",
    "print(retorno_medio)"
   ]
  },
  {
   "cell_type": "code",
   "execution_count": 9,
   "metadata": {},
   "outputs": [
    {
     "data": {
      "text/html": [
       "<table>\n",
       "<caption>A matrix: 5 × 5 of type dbl</caption>\n",
       "<thead>\n",
       "\t<tr><th></th><th scope=col>ABCB4.SA</th><th scope=col>GRND3.SA</th><th scope=col>ITUB4.SA</th><th scope=col>TRPL4.SA</th><th scope=col>WEGE3.SA</th></tr>\n",
       "</thead>\n",
       "<tbody>\n",
       "\t<tr><th scope=row>ABCB4.SA</th><td>0.11945378</td><td>0.03638613</td><td>0.05989391</td><td>0.02768519</td><td>0.03017428</td></tr>\n",
       "\t<tr><th scope=row>GRND3.SA</th><td>0.03638613</td><td>0.09996073</td><td>0.03911624</td><td>0.02320566</td><td>0.02765609</td></tr>\n",
       "\t<tr><th scope=row>ITUB4.SA</th><td>0.05989391</td><td>0.03911624</td><td>0.10732247</td><td>0.03325012</td><td>0.03764480</td></tr>\n",
       "\t<tr><th scope=row>TRPL4.SA</th><td>0.02768519</td><td>0.02320566</td><td>0.03325012</td><td>0.08514866</td><td>0.01788177</td></tr>\n",
       "\t<tr><th scope=row>WEGE3.SA</th><td>0.03017428</td><td>0.02765609</td><td>0.03764480</td><td>0.01788177</td><td>0.10487137</td></tr>\n",
       "</tbody>\n",
       "</table>\n"
      ],
      "text/latex": [
       "A matrix: 5 × 5 of type dbl\n",
       "\\begin{tabular}{r|lllll}\n",
       "  & ABCB4.SA & GRND3.SA & ITUB4.SA & TRPL4.SA & WEGE3.SA\\\\\n",
       "\\hline\n",
       "\tABCB4.SA & 0.11945378 & 0.03638613 & 0.05989391 & 0.02768519 & 0.03017428\\\\\n",
       "\tGRND3.SA & 0.03638613 & 0.09996073 & 0.03911624 & 0.02320566 & 0.02765609\\\\\n",
       "\tITUB4.SA & 0.05989391 & 0.03911624 & 0.10732247 & 0.03325012 & 0.03764480\\\\\n",
       "\tTRPL4.SA & 0.02768519 & 0.02320566 & 0.03325012 & 0.08514866 & 0.01788177\\\\\n",
       "\tWEGE3.SA & 0.03017428 & 0.02765609 & 0.03764480 & 0.01788177 & 0.10487137\\\\\n",
       "\\end{tabular}\n"
      ],
      "text/markdown": [
       "\n",
       "A matrix: 5 × 5 of type dbl\n",
       "\n",
       "| <!--/--> | ABCB4.SA | GRND3.SA | ITUB4.SA | TRPL4.SA | WEGE3.SA |\n",
       "|---|---|---|---|---|---|\n",
       "| ABCB4.SA | 0.11945378 | 0.03638613 | 0.05989391 | 0.02768519 | 0.03017428 |\n",
       "| GRND3.SA | 0.03638613 | 0.09996073 | 0.03911624 | 0.02320566 | 0.02765609 |\n",
       "| ITUB4.SA | 0.05989391 | 0.03911624 | 0.10732247 | 0.03325012 | 0.03764480 |\n",
       "| TRPL4.SA | 0.02768519 | 0.02320566 | 0.03325012 | 0.08514866 | 0.01788177 |\n",
       "| WEGE3.SA | 0.03017428 | 0.02765609 | 0.03764480 | 0.01788177 | 0.10487137 |\n",
       "\n"
      ],
      "text/plain": [
       "         ABCB4.SA   GRND3.SA   ITUB4.SA   TRPL4.SA   WEGE3.SA  \n",
       "ABCB4.SA 0.11945378 0.03638613 0.05989391 0.02768519 0.03017428\n",
       "GRND3.SA 0.03638613 0.09996073 0.03911624 0.02320566 0.02765609\n",
       "ITUB4.SA 0.05989391 0.03911624 0.10732247 0.03325012 0.03764480\n",
       "TRPL4.SA 0.02768519 0.02320566 0.03325012 0.08514866 0.01788177\n",
       "WEGE3.SA 0.03017428 0.02765609 0.03764480 0.01788177 0.10487137"
      ]
     },
     "metadata": {},
     "output_type": "display_data"
    }
   ],
   "source": [
    "covar <- cov(ret_d[,-1], use = \"na.or.complete\")*252\n",
    "covar"
   ]
  },
  {
   "cell_type": "code",
   "execution_count": 10,
   "metadata": {},
   "outputs": [
    {
     "data": {
      "text/html": [
       "<table>\n",
       "<caption>A matrix: 5 × 5 of type dbl</caption>\n",
       "<thead>\n",
       "\t<tr><th></th><th scope=col>ABCB4.SA</th><th scope=col>GRND3.SA</th><th scope=col>ITUB4.SA</th><th scope=col>TRPL4.SA</th><th scope=col>WEGE3.SA</th></tr>\n",
       "</thead>\n",
       "<tbody>\n",
       "\t<tr><th scope=row>ABCB4.SA</th><td>1.0000000</td><td>0.3329823</td><td>0.5289778</td><td>0.2745104</td><td>0.2695930</td></tr>\n",
       "\t<tr><th scope=row>GRND3.SA</th><td>0.3329823</td><td>1.0000000</td><td>0.3776565</td><td>0.2515303</td><td>0.2701143</td></tr>\n",
       "\t<tr><th scope=row>ITUB4.SA</th><td>0.5289778</td><td>0.3776565</td><td>1.0000000</td><td>0.3478236</td><td>0.3548388</td></tr>\n",
       "\t<tr><th scope=row>TRPL4.SA</th><td>0.2745104</td><td>0.2515303</td><td>0.3478236</td><td>1.0000000</td><td>0.1892314</td></tr>\n",
       "\t<tr><th scope=row>WEGE3.SA</th><td>0.2695930</td><td>0.2701143</td><td>0.3548388</td><td>0.1892314</td><td>1.0000000</td></tr>\n",
       "</tbody>\n",
       "</table>\n"
      ],
      "text/latex": [
       "A matrix: 5 × 5 of type dbl\n",
       "\\begin{tabular}{r|lllll}\n",
       "  & ABCB4.SA & GRND3.SA & ITUB4.SA & TRPL4.SA & WEGE3.SA\\\\\n",
       "\\hline\n",
       "\tABCB4.SA & 1.0000000 & 0.3329823 & 0.5289778 & 0.2745104 & 0.2695930\\\\\n",
       "\tGRND3.SA & 0.3329823 & 1.0000000 & 0.3776565 & 0.2515303 & 0.2701143\\\\\n",
       "\tITUB4.SA & 0.5289778 & 0.3776565 & 1.0000000 & 0.3478236 & 0.3548388\\\\\n",
       "\tTRPL4.SA & 0.2745104 & 0.2515303 & 0.3478236 & 1.0000000 & 0.1892314\\\\\n",
       "\tWEGE3.SA & 0.2695930 & 0.2701143 & 0.3548388 & 0.1892314 & 1.0000000\\\\\n",
       "\\end{tabular}\n"
      ],
      "text/markdown": [
       "\n",
       "A matrix: 5 × 5 of type dbl\n",
       "\n",
       "| <!--/--> | ABCB4.SA | GRND3.SA | ITUB4.SA | TRPL4.SA | WEGE3.SA |\n",
       "|---|---|---|---|---|---|\n",
       "| ABCB4.SA | 1.0000000 | 0.3329823 | 0.5289778 | 0.2745104 | 0.2695930 |\n",
       "| GRND3.SA | 0.3329823 | 1.0000000 | 0.3776565 | 0.2515303 | 0.2701143 |\n",
       "| ITUB4.SA | 0.5289778 | 0.3776565 | 1.0000000 | 0.3478236 | 0.3548388 |\n",
       "| TRPL4.SA | 0.2745104 | 0.2515303 | 0.3478236 | 1.0000000 | 0.1892314 |\n",
       "| WEGE3.SA | 0.2695930 | 0.2701143 | 0.3548388 | 0.1892314 | 1.0000000 |\n",
       "\n"
      ],
      "text/plain": [
       "         ABCB4.SA  GRND3.SA  ITUB4.SA  TRPL4.SA  WEGE3.SA \n",
       "ABCB4.SA 1.0000000 0.3329823 0.5289778 0.2745104 0.2695930\n",
       "GRND3.SA 0.3329823 1.0000000 0.3776565 0.2515303 0.2701143\n",
       "ITUB4.SA 0.5289778 0.3776565 1.0000000 0.3478236 0.3548388\n",
       "TRPL4.SA 0.2745104 0.2515303 0.3478236 1.0000000 0.1892314\n",
       "WEGE3.SA 0.2695930 0.2701143 0.3548388 0.1892314 1.0000000"
      ]
     },
     "metadata": {},
     "output_type": "display_data"
    }
   ],
   "source": [
    "matriz_cor <- cor(ret_d[,-1], use = \"na.or.complete\")\n",
    "matriz_cor"
   ]
  },
  {
   "cell_type": "code",
   "execution_count": 11,
   "metadata": {},
   "outputs": [],
   "source": [
    "tx_livre_risco <- 0.02"
   ]
  },
  {
   "cell_type": "code",
   "execution_count": 19,
   "metadata": {},
   "outputs": [],
   "source": [
    "short_selling <- T"
   ]
  },
  {
   "cell_type": "code",
   "execution_count": 20,
   "metadata": {},
   "outputs": [
    {
     "data": {
      "text/plain": [
       "Call:\n",
       "tangency.portfolio(er = retorno_medio, cov.mat = covar, risk.free = tx_livre_risco, \n",
       "    shorts = short_selling)\n",
       "\n",
       "Portfolio expected return:     0.3727895 \n",
       "Portfolio standard deviation:  0.2394238 \n",
       "Portfolio weights:\n",
       "ABCB4.SA GRND3.SA ITUB4.SA TRPL4.SA WEGE3.SA \n",
       " -0.0058   0.1282  -0.1365   0.4857   0.5284 "
      ]
     },
     "metadata": {},
     "output_type": "display_data"
    }
   ],
   "source": [
    "carteira_eficiente <- tangency.portfolio(retorno_medio, covar, tx_livre_risco, shorts = short_selling)\n",
    "\n",
    "carteira_eficiente"
   ]
  },
  {
   "cell_type": "code",
   "execution_count": 21,
   "metadata": {},
   "outputs": [
    {
     "data": {
      "text/html": [
       "1.47349394628241"
      ],
      "text/latex": [
       "1.47349394628241"
      ],
      "text/markdown": [
       "1.47349394628241"
      ],
      "text/plain": [
       "[1] 1.473494"
      ]
     },
     "metadata": {},
     "output_type": "display_data"
    }
   ],
   "source": [
    "sharpe <- (carteira_eficiente$er-tx_livre_risco)/carteira_eficiente$sd\n",
    "sharpe"
   ]
  },
  {
   "cell_type": "code",
   "execution_count": 22,
   "metadata": {},
   "outputs": [
    {
     "data": {
      "text/plain": [
       "Call:\n",
       "globalMin.portfolio(er = retorno_medio, cov.mat = covar, shorts = short_selling)\n",
       "\n",
       "Portfolio expected return:     0.2915829 \n",
       "Portfolio standard deviation:  0.2100684 \n",
       "Portfolio weights:\n",
       "ABCB4.SA GRND3.SA ITUB4.SA TRPL4.SA WEGE3.SA \n",
       "  0.1273   0.2223   0.0691   0.3383   0.2431 "
      ]
     },
     "metadata": {},
     "output_type": "display_data"
    }
   ],
   "source": [
    "carteira_min_risco <- globalMin.portfolio(retorno_medio, covar, shorts = short_selling)\n",
    "\n",
    "carteira_min_risco"
   ]
  },
  {
   "cell_type": "code",
   "execution_count": 23,
   "metadata": {},
   "outputs": [
    {
     "data": {
      "text/plain": [
       "Call:\n",
       "efficient.frontier(er = retorno_medio, cov.mat = covar, nport = npor, \n",
       "    shorts = short_selling)\n",
       "\n",
       "Frontier portfolios' expected returns and standard deviations\n",
       "   port 1 port 2 port 3 port 4 port 5 port 6 port 7 port 8 port 9 port 10\n",
       "ER 0.4596 0.4573 0.4551 0.4528 0.4506 0.4483 0.4460 0.4438 0.4415  0.4392\n",
       "SD 0.3172 0.3148 0.3124 0.3101 0.3077 0.3054 0.3031 0.3008 0.2985  0.2962\n",
       "   port 11 port 12 port 13 port 14 port 15 port 16 port 17 port 18 port 19\n",
       "ER   0.437  0.4347  0.4325  0.4302  0.4279  0.4257  0.4234  0.4211  0.4189\n",
       "SD   0.294  0.2918  0.2895  0.2874  0.2852  0.2830  0.2809  0.2788  0.2767\n",
       "   port 20 port 21 port 22 port 23 port 24 port 25 port 26 port 27 port 28\n",
       "ER  0.4166  0.4143  0.4121  0.4098  0.4076  0.4053  0.4030  0.4008  0.3985\n",
       "SD  0.2746  0.2726  0.2705  0.2685  0.2665  0.2646  0.2626  0.2607  0.2589\n",
       "   port 29 port 30 port 31 port 32 port 33 port 34 port 35 port 36 port 37\n",
       "ER  0.3962  0.3940  0.3917  0.3895  0.3872  0.3849  0.3827  0.3804  0.3781\n",
       "SD  0.2570  0.2552  0.2534  0.2516  0.2498  0.2481  0.2464  0.2448  0.2431\n",
       "   port 38 port 39 port 40 port 41 port 42 port 43 port 44 port 45 port 46\n",
       "ER  0.3759  0.3736  0.3714  0.3691  0.3668  0.3646  0.3623  0.3600  0.3578\n",
       "SD  0.2416  0.2400  0.2385  0.2370  0.2355  0.2341  0.2327  0.2313  0.2300\n",
       "   port 47 port 48 port 49 port 50 port 51 port 52 port 53 port 54 port 55\n",
       "ER  0.3555  0.3532  0.3510  0.3487  0.3465  0.3442  0.3419  0.3397  0.3374\n",
       "SD  0.2287  0.2275  0.2263  0.2251  0.2240  0.2229  0.2218  0.2208  0.2198\n",
       "   port 56 port 57 port 58 port 59 port 60 port 61 port 62 port 63 port 64\n",
       "ER  0.3351  0.3329  0.3306  0.3284  0.3261  0.3238  0.3216  0.3193  0.3170\n",
       "SD  0.2189  0.2180  0.2172  0.2164  0.2157  0.2150  0.2143  0.2137  0.2131\n",
       "   port 65 port 66 port 67 port 68 port 69 port 70 port 71 port 72 port 73\n",
       "ER  0.3148  0.3125  0.3103  0.3080  0.3057  0.3035  0.3012  0.2989  0.2967\n",
       "SD  0.2126  0.2121  0.2117  0.2113  0.2110  0.2107  0.2105  0.2103  0.2102\n",
       "   port 74 port 75 port 76 port 77 port 78 port 79 port 80 port 81 port 82\n",
       "ER  0.2944  0.2921  0.2899  0.2876  0.2854  0.2831  0.2808  0.2786  0.2763\n",
       "SD  0.2101  0.2101  0.2101  0.2101  0.2103  0.2104  0.2106  0.2109  0.2112\n",
       "   port 83 port 84 port 85 port 86 port 87 port 88 port 89 port 90 port 91\n",
       "ER  0.2740  0.2718  0.2695  0.2673  0.2650  0.2627  0.2605  0.2582  0.2559\n",
       "SD  0.2115  0.2119  0.2124  0.2129  0.2134  0.2140  0.2146  0.2153  0.2160\n",
       "   port 92 port 93 port 94 port 95 port 96 port 97 port 98 port 99 port 100\n",
       "ER  0.2537  0.2514  0.2492  0.2469  0.2446  0.2424  0.2401  0.2378   0.2356\n",
       "SD  0.2168  0.2176  0.2185  0.2194  0.2203  0.2213  0.2223  0.2234   0.2245"
      ]
     },
     "metadata": {},
     "output_type": "display_data"
    },
    {
     "data": {
      "text/html": [
       "<dl>\n",
       "\t<dt>$names</dt>\n",
       "\t\t<dd><style>\n",
       ".list-inline {list-style: none; margin:0; padding: 0}\n",
       ".list-inline>li {display: inline-block}\n",
       ".list-inline>li:not(:last-child)::after {content: \"\\00b7\"; padding: 0 .5ex}\n",
       "</style>\n",
       "<ol class=list-inline><li>'call'</li><li>'er'</li><li>'sd'</li><li>'weights'</li></ol>\n",
       "</dd>\n",
       "\t<dt>$class</dt>\n",
       "\t\t<dd>'Markowitz'</dd>\n",
       "</dl>\n"
      ],
      "text/latex": [
       "\\begin{description}\n",
       "\\item[\\$names] \\begin{enumerate*}\n",
       "\\item 'call'\n",
       "\\item 'er'\n",
       "\\item 'sd'\n",
       "\\item 'weights'\n",
       "\\end{enumerate*}\n",
       "\n",
       "\\item[\\$class] 'Markowitz'\n",
       "\\end{description}\n"
      ],
      "text/markdown": [
       "$names\n",
       ":   1. 'call'\n",
       "2. 'er'\n",
       "3. 'sd'\n",
       "4. 'weights'\n",
       "\n",
       "\n",
       "\n",
       "$class\n",
       ":   'Markowitz'\n",
       "\n",
       "\n"
      ],
      "text/plain": [
       "$names\n",
       "[1] \"call\"    \"er\"      \"sd\"      \"weights\"\n",
       "\n",
       "$class\n",
       "[1] \"Markowitz\"\n"
      ]
     },
     "metadata": {},
     "output_type": "display_data"
    }
   ],
   "source": [
    "npor <- 100\n",
    "fronteira_eficiente <- efficient.frontier(retorno_medio, covar, npor, shorts = short_selling)\n",
    "\n",
    "fronteira_eficiente\n",
    "\n",
    "attributes(fronteira_eficiente)"
   ]
  },
  {
   "cell_type": "code",
   "execution_count": 24,
   "metadata": {},
   "outputs": [
    {
     "data": {
      "image/png": "iVBORw0KGgoAAAANSUhEUgAAA0gAAANICAMAAADKOT/pAAAAS1BMVEUAAAAAAP8A/wAqKio8\nPDxNTU1fX19oaGh8fHyCgoKMjIyOjo6RkZGampqnp6eysrK9vb3Hx8fQ0NDZ2dnh4eHp6enw\n8PD/AAD///+5U13FAAAACXBIWXMAABJ0AAASdAHeZh94AAAgAElEQVR4nO3diZarOrdYYdW5\nIRAS4xY27/+kQbSiMcZmISSY3xh3V7kD/rqeBxDYqBzAamrvBQCOgJAAAYQECCAkQAAhAQII\nCRBASIAAQgIEEBIggJAAAYQECCAkQAAhAQIICRBASIAAQgIEEBIggJAAAYQECCAkQAAhAQII\nCRBASIAAQgIEEBIggJAAAYQECCAkQAAhAQIICRBASIAAQgIEEBIggJAAAYQECCAkQAAhAQII\nCRBASIAAQgIEEBIggJA2pEz6jmug1KX7Wd87fM3nCV/ezeWbpbssnx8+4q+4oWFIV/3z0v38\nMaRn0HvKbyE1EyEkGfwVNzQMKVTqlRs/fwxp8JTfQmqeTEgy+CtuaPgmFXrzjkNaPxGsxF9z\nQ59Can5mSbGOih6D+wIVJGl73yMqtgZfebsCejuX4mYaqkT/+rjoTchHPjeRN/NrJoGFCGlD\n/bd48+YdvYnToLonycf3Pev7kurma1FIOsvit6h+apzPTOTN/OpJYClC2tDCkIJmD+cxvi8w\nXqmaEYpPIRXueR63r4pnJvJ+fvet/iyHREgbUob6dj7+eSvevq88K9YfoXlflOXZpXo76zd4\nEdllMJnxXOqbxUuL7bril1sxjWtX6NRE3syvnASWI6QNLQsprt7oWXhNzfuy6hlxdV/5jKUh\nlXtFRRS38vGkOnb1ZiIz88MXCGlDy0Lqd9HeZ2xrDV73MaTM/Jmn/dlMLstofqyQvkRIGxq8\n438KaaaB6bkMZzKczYeQxkuEJfiLbej3kIKJ+74PqV0jzazW5uaH5fiLbWhZSNH0PtLj7euW\nhRSP95GmJjI3PyzHX2xDy0KaGrW7F/c9yx/R+HX6Rzae6uDmxKjd1ETm5ofl+IttSJnydyF1\nx5FuE/c9p5+f9OYymGn1S9TO+vJmpsmH+WE5/mIbWhjSc+LMhoca39f81IeCot5cBjOtf2tK\n6n9eYjCRuflhOf5iG1oYUnmem4qH59qFo/uan3ETR+/e8c3HJeifazcxkbn5YTn+YoAAQgIE\nEBIggJAAAYQECCAkQAAhAQIICRBASIAAQgIEEBIggJAAAYQECCAkQAAhAQIICRBASIAAQgIE\nEBIggJAAAYQECCAkQAAhAQIICRBASIAAQgIEEBIggJAAAYQECCAkQAAhAQIICRBASIAAQgIE\nEBIggJAAAYQECCAkQAAhAQIshKSADfz333+bTfuHd7l8ODvMAudTdLTZtAkJZ7FlR4SEs9i0\nI0LCSWzbESHhHDbuiJBwClt3REg4g807IiScwPYdERKOz0JHhITDs9ERIeHorHRESDg4Ox0R\nEo7NUkeEhEOz1REh4cisdURIODB7HRESjstiR4SEw7LZESHhqD509Pf3Jzk3QsIxzXf0V5Gb\nHSHhkD6vjwgJ+GS2o7+O2AwJCQc019HfHyEBS8x09PdHSMAi7zv626ojQsLhLF8fERLwzh7r\nI0LC0bztaMOKckLCwSxeHwnPl5BwJO862nKrrkRIOJA3HW2eESHhSJatjzaZNSHhMBatjzaa\nNyHhKKY7srBZpxESDmLP9REh4SgWrI+2nD0h4RAmO7KzVVciJBzBzusjQsIhTHVkb22kERL8\nN9GRpcG6FiHBe+OObGdESPDfqCP7GRESvOfC+oiQ4Dsn1keEBM8NO9qlopyQ4LdP6yNrC0JI\n8Jgr6yNCgs8GHe2XESHBY7PrI8vLQkjw1dz6yPrCEBI81e9oz806jZDgJ6fWR4QET82sj3ZZ\nHkKCj3od7b1ZpxESPOTa+oiQ4KP366PdFomQ4B2zIxc26zRCgm+MjlzJiJDgna4jdzIiJPjG\nyfURIcEzbq6PCAl+aTtyKyNCgldcXR8REnzi7PqIkOCRpiP3MiIk+GN6fbTvMrUICZ6YXB/t\nvEwdQoIf6o5c3KzTCAlecHt9REjww9T6aO9l6iEkeKDqyNXNOo2Q4L6yI5czIiR4QHfkdkaE\nBPd5sD4iJDjPh/URIcF1RUfuZ0RIcJwf6yNCgts8WR8REpw26mjvBXqLkOCuYUd7L88MQoKz\nBh3tvTizCAmu8mh9REhwlk/ro51CUp8mQUjod7T30nxESHCSX+sjqyGpvi1mgaPwbH1kNaRn\nQEhYZk1Hgcr0j6x4j9W/BOZ/xcvnZLe4+DW+Va/oPZhdlLq8zAlmSahUdOumH0zM1eamXRar\nKC2nwKYd5qzarovVU/94FF089C9PFQ9DejT/TQ/q96PxYPWQUVJWPzkos+ym22d3H+mu1D0n\nJMxbt113U+XK46ISlbS3e2+5ooWLju0ZVysX88FEXfQ/cXfPpfzPfxpVUyunexnP1fJgQ7E4\ncUZImPHX6+j71z+r93mxhVdlctFrqN5bLmhXKZcyOvPBasPQvKfdQqzuKyYaTLw/rY/aXVXw\nICS8t3acIVNh8W9arFRipbfcQh2C+Za7d+ubNNFrpvH70dwN6j96L1ZMSbldNXjF9wu68l3+\nCj+MNKyfBfy1dn2U59UKQ2/QVRt5ZRTmW67eieqM3o+Jupk3Lml3Kype/FTRaKZ7HEe6EBKm\n/fU6+nEisR4q0GsjvVbKX+X6xxxOGL39BiPJxZ58Yj4cKRUmdXvV5mI9MNibxvfLySlC2IrA\n+kjvPdzq9ZBeN93UNZ8MybyjF9ItDsrXtB4XPWhX7lfdy8Ymtu0ICe6QWB/pQblLPeKgxxku\n5chCf/Sg/vF2FVUPQhie16DcIAzLf1/lbljPXiFxQBZDItt1uR5niIq1ks7nUaxZonLE4d0+\n0puQsvFB1zKetF15pYOH3Qlp8WkPOCizo1UTKt4/5VBdOYBXvZn6o3YX86mT/1Xv7mp/079c\n23fodfiCHxbz+5c4OAs4xlwfrZxUrB71tldY/FaOdb85jpSNQqrGEdJu2y2ut/LKlVRYr4nS\n0bYdIcEFf39i6yM9FhDVa4yrqk9IGJ7ZEJdnNiRqNDZenraQxd0+0lOpW9HWMyruerVHoCLV\nOx2PkOAGwfVROX5d7wYVFVQDbP29hu786cvoweqhqLpf/5vUj0X612ZV9uiPkFsO6XmNy0WK\nk+f8EwnpZEQ7KlYcxo5NteoY7n7f4yKY6Jrm4weTQIW3+v5qchf9XN1j0A1BBIPRCIshZaEx\nmjA+NCwxC3hJdLtuJxZDSlRwrzYs00cwXDPKzAJekl0f7cNiSIGxf/aa/HDU6lnAR0ZHey/K\n76x+1PzdDbFZwD9/R1gfsUbCvv7+DrE+sr2P9KgPZ7GPBO3vMB1ZHf6OjFG7cHQeusgs4JW/\ng2zX5baPIyXlcaQgvnIcCQfarss5swG7OdB2XU5I2M2BtutyQsJeDrU+IiTso7ddt/fCSCAk\n7MHoaO9FkUFI2MHhOiIk2FdndJztupyQsAOjo70XRQwhwbaDDTNUCAl2HWzYu0FIsOpow94N\nQoJFhzt81CIkWPGvcNjtupyQYEMZ0T/946DrI0I6EP2tUZeJq5tWhg/Mfta/9/1U+urESf/p\n7188Of9/1b86n38H7YiQDqP+HsNw+O3ulXD4J10ekv4M2XVhSKPZaP/qH8fdrssJ6TCu5QV8\nsmt9oe6h765LMPiemuk2l87mX/Oz6ujfETMipKNIm4AuU5fcXhnSjy+sVSEVW3XV+ujfITsi\npINImuuMZLH+ut1HsT0W1N8en4Uqbr+P9xaq4Fbd3zxmPrtm9FBv4bXf5ht1VxsyppXGKrjW\nT+49lJshldt1/46YESEdRf/qCPVlfHQbSleUmPs71fdFVyHpx8xn196EVH57TdBcI9ycVvnN\n89d8PJuuo3ac4V9+RIR0DMPBgHt5TYby1yhrH3/oG1mkr6lQhVQ/1j67fb3xpfLtJYTu+ukX\nHZy+1ZtW8etNXzJoNJsqpN5xWEL6/SUOzuJgpnZO6gKe3eNxfR27uAnpOT2F6ZDKS0aW19uq\nbhnTeubNFAezqY7EanqcoSb/P39/hHQMw5DSxzXqX8K7+rcNpHvbm8+emlo7mf7lIAfTMp/S\n6/Df8GN8h+yIkA4ibveRHnptELVv5CUhdc+uSYbUHj+qx72P2REhHcS1GbV76l2Viwpvj3Qq\npPYFRhnGs40H+zemQho8vZ9Upz5+pMe9y5sr/5c6ipCOoT2OpC91Wr2TJ0KK20s3mi0YzzYe\n7N/Q/0SDfaRH/+nmPpJxplBz/KgZ9yakFS9xcBZHcynPbNDHc/Jq7/812EfSnd1VUGwB3rrB\nhvqx9tm16ZBuejAuaUbtBtNqpjiYjTHu/e/IKyRCOozIONeuuX7ws20irK7fXT1Jr7yMkIxn\n15S5l9P90z+O1J9W9e9oNsY4Q5nQUTsipOO4x/Ulg3O9flLR89GtLfJnWF2R6la81S/NyQnN\niqd7du1NSDq5uHdmQzet6t/BbJrjR/rzE9XHKDb/K+yFkLAdc3105IpyQsKG+p8rP3RHhISt\nHPf7GaYQEjZy6M/xjRAStnGq9REhYSMn64iQsI3DXW7iA0LCFs7WESFhA2fbrssJCVs4X0eE\nBHkn7IiQIO5Ux48ahARpJ1wfERLEnbIjQoKwM27X5YQEYSftiJAg6ZTjDCVCgiCjI0La4CUO\nzgIbOG9HhAQ5J+6IkCDH6IiQNnmJg7OAuBOvjwgJYk7dESFByqk7IiQIOXdHhAQZJx5nKBES\nJJy9I0KChNN3REgQYHRESFu+xMFZQA4dERLWo6OckLCa2REhbfsSB2cBIXRUIiSsQkcVQsIa\nRUc5IeWEhFV6He29MLsiJPyO9VGLkPAz3REhVQgJv6IjAyHhR4OOCMnCSxycBVYqO2KF1CAk\n/ISO+ggJv6g6IqQWIeEHdUccQ2oREr5HRyOEhK+NOiIkQsLXmo4IyUBI+BIdTSEkfKftiJBM\nhISv2OxIGdpb0dN4LLik1Y3e6569m1kSFq+6NTcDFWyyrFZe4uAs8JOuIwtDdpMhKfU0HwvS\nfBhSFqj+reqJWXnzUfz62GJZrbzEwVngF0ZHtsa+20jqXxIVdbeySCX5MKS4d/OioqK1tHqi\nvpmoyxaLaeUlDs4CP9iho1FI9c/6VlZuqPXKuaveTaWy6onVncXzgy3eXoSExSY72jek6qdZ\nTqqiQUjm1O7FiilR9w0W08pLHJwFvmZ2tF9IvU27iTVSpNJeO8WWXGo++syf1RSEF9PKSxyc\nBb61T0dmSLVXd3c62ke6Fqub/kqoWEGFSTXUV3cXVFt7sotp5SUOzgJf6nW0Y0jRy7xVDcZ1\n5bxUPBoNf1z088qhunvZ3RbbdoSERfodWTxdtb9pFwaP5tbkcaRQh6VG75/nNShHzcPy35cK\n5RfTykscnAW+sltHg5CeSqX9u3s3LuUxonFIdTxpu3mYjp+xcjGtvMTBWeAbg472CymP9bZb\n/i4k8wDuxMuv7cNX8cW08hIHZ4EvDDvaMaRXb7Bh/JxhSLGqTg4qhxnCek2Uym/bERI+2rOj\n0fB3vUqaOVbUu1lsC96K3aZnVAT1qtdmeiTvJb2YVl7i4Cyw2KijXUPKqlXSIKTeaqg5iaH8\nkTSjffrX5iy7R33CkOBiWnmJg7PAUuOOdg2pyCHOvwgpf12CIiM94B10530H0qeAExLm7dyR\nLwgJsyY6IqQJhIQ5sx0RUoeQMGOqI1ZIUwgJ7012REhTCAlvTXdESFN2COkWqPA2/xRCcsGb\njghpis2QXrEKbvX5TvMfrSIkB7zriJCmWAzpVRaUqEuWp80ZUMKzgBw6+orFkC76tIyk+lax\nbP6sQULa3duOCGmSxZDqL62YOAtebBaQ8r4jQppkPaR7tU03/3WXhLQzOvqW1U27S/OdE9ll\n/uxbQtrXTEeENM1iSPq7Y5tJfPj+ZULa1VxHhDTN6nGkpMkn+PBpEELa02xHhDSNMxswMN8R\nIU0jJPQt7YiQeggJPR86YoX0xl4hcRzJTZ86IqQ33AnJvKoUIe3kY0eE9Aabduh87ij/K57z\nHyGNEBJanzsqI/pPx0RIfYTknd5FiZdvBQfxrf6a0VtcHs9L+5eAVGpBR+WmXblC+rjqOhmr\nIT2vcfkeiJvL1cjP4gR6FyVeHlLxgiqcS70Peu2fXbKsozYkSuqzeYpQaIwm8MG+n/WvXPfF\ny8KqnCCsphD2/2u2rKMupJySTBZDSlRwr75xOX0EnLT6s/61VL94WVJ+1++r+DnxygXjDIQ0\nw2JIgfHF5S8+RvGz8WWIH1Gxiq++1joJVFTtCt3C/ldjKPUoP5Z8U3fjcsZKpbEKrrojVd51\n1bf0F2Yno6kQ0gzrn0eauiE2i1PobdrpG7dqa1m/36P2apDRcAtaqaz8UGXcXKy4DinQz9Md\nlSGV36jxKF+cDKZShdOFREkm1kjeafczm4sylH/Yu/7w/l1FWfWR/rsKXvkrMC6WWjwzLNMJ\n8l5IxStueruuCknfqv8NBlNpVkh/zWEkQjLY3Ud61AOw7COt0AzXtNfbUu3VSmI9kldeUisu\n73sYq6TimUnx8FNd+iE96/2jakrVSGBaP9ybyn9jFv9Xu87m8HdkjNqFsxdoJ6QZvYsS6xvF\nDk38GlzGrn9lk/rXu7oW+0D3fkh5t39kPmDcrn+wRppj9zhSUh5HCuIrx5F+17socXnjqvdz\ngvRjSGmxaomK1/VDavePPoTEYMMczmzwTu+ixPV7/JGEeh/pQ0jF3lS53dcLqds/IqQVCMk7\nvYsS99OJRvtIce9lF/39nP2QjP2jcUj9qRDSDELyTu+ixPpGqEfVylG7mx5vS96O2hX3Kn2P\n0Us1YvAupMFUOEXoPULyTu+ixE0e9al3s8eR9Hmq5a5VV0o98vYupOFUOGn1LULyTu+ixN2Z\nDc/6ThXXZzYEwzMbcr2TFORGKdV43UxIw6nwMYp3COnEfjkSxAf7phHSef10RNU4RQgGQjqt\n385M4DsbphHSWf14hg8hTSOkk/r1TDlCmkZI5/T7GaeUNImQTmnFmduENImQzmjNJyAIaRIh\nndCqTxIR0iRCOp91n8gjpEmEdDorP9n6R0lTCOlsVn9CnJCmENLJrP+mBUKaQkinIvGNJYQ0\nhZDOROSbfwhpCiGdiMwXaBHSFEI6D6kvoqOkCVIhveKpe39FSBsQ+0JHQpqwJqRn1Hzf5yuW\nvewrIcmT+2JUQpqwIqRn8w3UaazU/FcQW1gqzJP8gmFKGlsRUqTjSVT00Nfgm/0GYhtLhVmi\nX9RNSGMrQmq+bCZQ8Wvm6b8gJGGyX3hPSGMCIYUfvsj7B4QkS/rCEZQ0IhCS4NIMZwER4hdg\nIaQRQjo++QsZEdIIIR3eFhcEo6ShVSH17LxUeGOTC+sR0hAhHdw2F6jk031DnGt3bFtd6JWQ\nBgjp0Da7YDIhDRDSkW144XFK6ls9ajd1YzVCErFhR4Q0IDX8TUju2bIjQhogpMPatCNKGiCk\no9q4I0bA+wjpoLbuiJD6COmYNu+IkvoI6ZAsdERIPYR0RDY6Yrihh3PtDshOR5RkIqTjsdUR\nIRk4RehwrHVESAZCOhp7HTHeYCCkg7HZESF1COlYrHZkhHT6kgjpUOx2REkdQjoS2x0RUouQ\nDsR6Rzm7SQ1COo49OiKkGiEdxi4dcTCptjqke6QvRnEXWpzJWWCJnTqipMrakKL6BKFIaoHG\ns8ASu3XExl1pZUg3FTyKH49A3aSWaDgLLLFfR4RUWhlSqKpLI71UKLM841lggR07oqTSypDa\nk745+3tPu3bEwSRNbI0UyCzPeBb4aN+OWCVp7CP5b++OWCfljNodwP4dEZLEcaSY40i7cqAj\nSuLMBu850RElEZLnHOmIkFZ+HRdffrIvVzrKTz90R0g+c6gjQrLxEgdncQQudXT2k1cJyV9u\nddSWtPdi7IMviPSWax0R0o8vIaRdOddRXqa09yLshU07T7nY0ZkRkp/oyDF81NxLdOQaTlr1\nER05h49ReIiOpmS38vzp+o3Y/Af+Wd14NPe2D4VJVr3sotTl1ZtQEhYvbN/QwaLP2vFRc//Q\n0ZTiP+aVINU329HkZ3mjbsEIqXli9TKjpKyeUFCF9lBthnP4qLl36GhK8X6/6GaecRVN/YZM\nyp2OooVr3t5bPZRG5UOJuuh/4m5KFxWl5cNJfbN8yid81Nw3dDQpaFcbl3I3o/kve51OqFLj\nVvVQqF8SqCzvrwdUeU+eNVdHDornfJ4/+0ieoaNJ926dkibV1lx1q07nVT3eC+nRrWnM9UB/\n4+perJgS9XlUmlE7v9DRtLjcFzIMNu2K9VSbV1NK1u7YJ+Z6oNiSS7tbUfG654K3Nx819wod\nvTHaR28HG17Vo1U1vZCaX+6q3h2qRXpIr+4yK9dV1fbf/AL8sMz1z+T6/Wu/nAX66OidZoem\nPe+z2VJ6NY/e9FpnMqRbHKjee/lx0YN25T7XvWxswbbd6g/2ff/6L2aBHjp6ayKk4p+wqqG+\nUaxWJkPKmwEKw/MalNuCYfnvgqM7q0JKCckmOnrP3EfqankqY7DuqS79kNJu1ycbjzqX8aTt\nFmI6fHxgRUgXPkZhFR3NuBvHeoxaYmOwrrjx6oV0N3aNuvdvb311bd/en/ZjVoSUxYRkER3N\n6o4jZUYtr3awIderl3BwHOnZjCOk3bZbXG/llSup+vCT+fgbUmc2yCKkETqa91AqLs9sSKrz\ngep3ZrVKqm9cjd2n3pkNWdztIxWbg7eirWdU3PVqj05Fqnc63hgh+YGOPnk259pVG3n1OzMr\nV0nN2zR4e65d1L0m6Q6NJu1q7tEfIR/jg31eoKMF7nERRXStNsaadsrT6LpzGbqQomavJwlU\neDNf87ro6egB76Abggg+nAMntUb6NJ/fZwE68oBQSCmDDRuiI/etCOnRG7Tj80iboSMPrFkj\nhWZHz7mXWFiq46IjHzBq5zo68sLKkOIPg4I/IqQWHfmBNZLb6MgTK0MKP39Q4xeEVKMjX6wM\nKYuj5aMM+ouPIvN7kSSX6pDoyBurN+2Wn7Raf81RXL9QeKmOiI78YTGk8oPx2S0wTmsSXKoD\noiOPWDzXrv5SozQIU0JagI58YjGk9stbooiQPqMjr6wOafnVKLoRvjAipE/oyC9rQ/rie+1u\n7aeBUxUR0jw68szKkL76ptWkrefxYXDi9CHRkW9WH5D95moUr+5rZS+ENIOOvCN1ihCfRxJE\nR/4RWyPxCVkxdOQhm/tIv83idOjIRxZH7foTYR/pDTry0vrjSL9djWIc0mbfNukXOvITX8fl\nFjryFCE5hY58tSakNAlUkGzxyb6zhkRH3loRUhoYX/y6yPNafe9+nHz4NOBJQ6Ijf60I6aKi\nLM+iJddOL2Xm13fNj/KdMyQ68tiKkJoLYiw9FJuo4F4dvk0fwfx3kp8yJDry2YqQ2qsNLnxd\nYFwZ48OZEGcMiY68ZjGk3hM5IDtAR35jjeQGOvKcxZCKfaRHfSFB9pEG6Mh3q0L68qyeyHh2\nOHv46Wwh0ZH3bIaUP5PyOFIQXzmOZKIj/3GK0P7o6AAIaXd0dASEtDc6OgRC2hkdHQMh7YuO\nDoKQdkVHFugR5d74cv+7r+qzqLuB5Gfv7ZclYfFo+5UkwZtTCQhpT3Rkw6KQVHveTRaYb7/6\nYkQqqA586q82fUzO5Ifl+v4lDs7CBXRkxejLF4ch6V+T9pM9ce+Y6EVFaZ6nUX0qzkUl058b\nIqT90JEdi0Jq77yrwdnV5aooa54V5MHku5OQdkNHliwMqdr3GV7goX/Kzr1YMSVq6juzCGkv\ndGTLwk27ajwhUmmvnWJLzvguhUg98+fkx7sJaSd0ZM3HkErVPtC1WN30V0LFCipsvmMkK1db\ngZo445qQ9kFH9iwLKXp1A3j1w69LoC6Px0UP2tWP/N88r7ftBoPkhLQLOrJoQUgP/fX1z8FI\neFJ/4ifNn9fAeKi8htFokPyH5frxf49bs9gVHdn0MaRyRPul9AVZH+Ud5U7QtbxARHYtv3Du\npZ+atoei0tEgOSHtgI6sGoUUqvqT2uXl8Yp7g3rQwfx0XVoGVPx2KQ8c6buu7cPX0SA5IdlH\nR3aNQrrUI3TlVY2LJMq9Hj2QYIaUqGuuj87esvhWH0cqAixHG1L1v0eD5IRkHR1ZNgrpocqS\nioSe5aicHtHO9LkL1ROqR6NyT+lZ3MiKH/pZLxXXg+TFreEgOSHZRke2ja/PmnRD3lm7Egqy\n3qidao4v9VSD5P9P/Z/RIPkPy/Xj/x63ZrEXOrJu4kLHj/KqXnpk4V4X8r/01SDMUbtma02P\ngauoeZoeJC9WTf8TDL89i5DsoiPHhHrzrhrRbkorR8JHoRgPhUE2fvz7WRPS7+jIMeaIdhuH\nHgnP4/ZzFY+s/9ClHiTvTYiQbKIj1xgj2nn/QNO1vCfX4w1h/yFzbK+78/t5E9Kv6Mg5o0NK\nWnlKXdpc+SsqR+qMh8YhxepGSPbQkXNeKq5/K0e7qzSy6lN8l/LMhjSuPl/Re6i7o/LkOJJF\ndOSepP3c+EMXYoyE5+1XbIfliqn/UD74PCDHkeyhIwcFQe/XupXmusj3WA98V78PHhp+sPZF\nSJbQ0bERkh10dHCEZAUdHR0h2UBHh0dI2/uPjo6PkDZHR2dASFsjo1MgpI3R0TkQ0rbo6CQI\naVN0dBaEtCU6Og1C2hAdnQchbYeOToSQNkNHZ0JIW6GjUyGkjdDRuRDSNujoZAhpE3R0NoS0\nBTo6HULaAB2dDyHJo6MTIiRxdHRGhCSNjk6JkITR0TkRkiw6OilCEkVHZ0VIkujotAhJEB2d\nFyHJoaMTIyQxdHRmhCSFjk6NkITQ0bkRkgw6OjlCEkFHZ0dIEujo9AhJAB2BkNajIxDSenQE\nQlqPjpAT0mp0BI2Q1qEjlAhpFTpChZDWoCPUCGkFOkKDkH5HR2gR0s/oCB1C+hUdwUBIP6Ij\nmAjpN3SEHkL6CR2hj5B+QUcYIKQf0BGGCOl7dIQRQvoaHWGMkL5FR5hASF+iI0whpO/QESYR\n0lfoCNMI6Rt0hDcI6Qt0hHcIaTk6wluEtI90HCsAAArhSURBVBgd4T1CWoqOMIOQFqIjzCGk\nZegIswhpETrCPEJago7wASEtQEf4hJA+oyN8REgf0RE+I6RP6AgLENIHdIQlCGkeHWERQppF\nR1jGYkiqb4tZSKMjLGQxpJt3IdERlrK5afcKoq1nIYqOsJjVfaSXSraehSA6wnJ2Bxtu6rX1\nLMTQEb7AqN0bdIRvENI0OsJXCGkSHeE7hDSFjvClvUJy+jgSHeFb7oS0+Gjt5ugIX2PTboSO\n8D1CGqIj/ICQBugIv7Aa0vMal3tAcfLcahZr0RF+YjGkLDRGE+ZPX90tJDrCbyyGlKjgXp1q\nlz6C+dNX9wqJjvAjiyEFxhmrLxVsMYuV6Ai/svoJ2Xc3xGaxDh3hZ6yRWnSE39ndR3qk5W9O\n7iPREVawOfwdGaN2YbbJLH5HR1jD7nGkpDyOFMRX544j0RFW4cyGEh1hHULS6AgrEVJOR1iP\nkOgIAgiJjiCAkOgIAk4fEh1BwtlDoiOIOHlIdAQZ5w6JjiDk1CHREaScOSQ6gpgTh0RHkHPe\nkOgIgk4bEh1B0llDoiOIOmlIdARZ5wyJjiDslCHREaSdMSQ6grgThkRHkHe+kOgIGzhdSHSE\nLZwtJDrCJk4WEh1hG+cKiY6wkVOFREfYyplCoiNs5kQh0RG2c56Q6AgbOk1IdIQtnSUkOsKm\nThISHWFb5wiJjrCxU4RER9jaGUKiI2zuBCHREbZ3/JDoCBYcPiQ6gg1HD4mOYMXBQ6Ij2HHs\nkOgIlhw6JDqCLUcOiY5gzXFD+o+OYM9hQ6Ij2HTUkMgIVh00JDqCXccMiY5g2SFDoiPYdsSQ\n6AjWHTAkOoJ9xwuJjrCDw4VER9jD0UKiI+ziYCHREfZxrJDoCDs5VEh0hL0cKSQ6wm4OFBId\nYT/HCYmOsKPDhERH2NNRQqIj7OogIdER9nWMkOgIOztESHSEvR0hJDrC7g4QEh1hf/6HREdw\ngPch0RFc4HtIdAQneB4SHcENfodER3CE1yHREVzhc0h0BGd4HBIdwR3+hkRHcIi3IdERXOJr\nSHQEp3gaEh3BLX6GREdwjJch0RFc42NIdATneBgSHcE9/oVER3CQdyHREVzkW0h0BCd5FhId\nwU1+hURHcJRXIdERXOVTSHQEZ3kUEh3BXf6EREdwmDch0RFc5ktIdASneRISHcFtfoRER3Cc\nFyHREVznQ0h0BOdZDel5jZUWJ88vZkFHcJ/FkLJQdaLFs6AjeMBiSIkK7q/yt/QRqGThLOgI\nPrAYUqBe7e8vFSybBR3BCxZDUurdjfezoCP4we01Eh3BE3b3kR5p+dvSfSQ6gi9sDn9Hxqhd\nmH2eBR3BG3aPIyXlcaQgvi45jkRH8Ie7ZzbQETzibEh0BJ+4GhIdwSt7hfThOBIdwS/uhGQM\n6dERfOPmph0dwTNuhmRhFoAkQgIEePDBPsB97n+wD/CA8x/sA3zg9scoAE84/sE+wA+skQAB\nTn+wD/CFyx/sA7zh8Af7AH9wZgMggJAAAYQECCAkQAAhAQIICRBASIAAQgIEEBIggJAAAY6G\nBHjmh3e5fDhuzNvbibPgXk6ckFybOAvu5cQJybWJs+BeTpyQXJs4C+7lxAnJtYmz4F5OnJBc\nmzgL7uXECcm1ibPgXk6ckFybOAvu5cQJybWJs+BeTpyQXJs4C+7lxAnJtYmz4F5OnJBcmzgL\n7uXEOTUbEEBIgABCAgQQEiCAkAABhAQIICRAACEBAggJEEBIgABCAgQQEiCAkAABhAQIICRA\nACEBAiyGlAQqSLLpO0aPCU785+9Ffz/xPL+p949JTXuDBb+FYn/ymWnLL3h2UeryejNjwYn/\nvuT2QorKRQwn7xg9Jjjx1+r/t04s3auZ3toln5n2BguelHcE2fSMpaa9wYIH5R2vyccEJ75i\nya2F9FTBK38F6jlxx+gxyYm/VCy85Lm+pd49JjZt+QV/qUumV3iXDRbcmLb8gid6skk5Wfn3\nijHxFUtuLaREPYp/7+o6ccfoMcmJ336f7JuJF5OM6jf72iWfm7b8gsfVhPX0xRfcmLb8ggcq\nq6e9wXvFmPiKJbcWUqzSvJe8ccfoMcmJ39RtxWJPTTxXSV6/2dcu+dy0N1jwehZqiwXvpr3V\ngqtgZsYiE1+x5NZCUsr80b9j9JjkxGP1uBQ7l79OemrpXsM7f17yuWlvsOClTEVbLHg37Y0W\nPCnf5fLvFWPiK5b8DCGVol+nPb10m4WUGyFtseD6P7uPzUIqp73Jgt+VSmZmLDPxFUt+/JCU\nuhf/pUxWrLR3CmmbBc/TIH77mNS0N1jwWxyUOzCbhNRN/OclP35Ilez3AdO9QqpIL3gWRG8f\nE5p2fUN4wfP8ot/gG23aVROv/LTk1kIKhstv3DF6THLiNcGJG7fWLvnctCdvrZ54FL5/TGja\nNeEF12/wYIv3ijHx2i8TtxZSNViSDgfW0m7ULl07EjM98drvf/nJpWv3Y9Yt+dy0J2+tnHga\nRun7GQtNuyb8F8+bXV7p94ox8fGvi1kL6VoO3z9UMnHH6DHJiVeHCVb85SeXrv5br13yuWlv\nsOCPdj9afsG7acsveDPFcIv3ijHxFUtuLaTdzmxI9J8sqw7DyUxcq9/sG5zZ0E5bfsHTbjxK\nfMGNacsveHnyQRbr3ZiNzmyoJr5iya2FlIfdyGL1TjHuCFeOl85NPKtOpVpxWGM0ceOXtUs+\nM235Bb+o7lwy6QU3pr3BXzzY8r3STXzFktsLKStPuq1mqgZ3GL9uM/FwzbH20cSNX9Yu+adp\niy646t7s4gs+nLbwX7ybovx7ZTDx35bcXkjAgRESIICQAAGEBAggJEAAIQECCAkQQEiAAEIC\nBBASIICQAAGEBAggJEAAIQECCAkQQEiAAEICBBASIICQAAGEBAggJEAAIQECCAkQQEiAAEIC\nBBASIICQAAGEBAggJEAAIQECCAkQQEiAAEICBBCSI6rL3QWXdPrh6qqm2aV/XUZ9xbk3l+DO\nklCp6GZMO0wyyQVGDyE5orlyZDBZUlj9/ykunnDtvehdSPXVUFWQfZw2JBCSI+pL30bTVwKu\na1Eqnbp7wkVFxVPTanLV04obKy5hjHmE5IjmUuYqmHl0GM77kJTKqskp42nhL9e9xyKE5Ijm\nzV79vIX1xbWLIEIVV5cLb68abjw6esFgcr0bD3XZ+H/FeRGSI3prpKhMJirvLipK+iGZj9Yv\n7O6qJcoYtmhCylRo63/O6RCSI9r9mGKn5q6CV/4K1F3fHWV5f9Ou92j1f8ZdjUgP0z3Naedz\nm4JYib+sI9qRtUwPzul9mYdewyj1rB7N2x+9R6v/M+5qPS56ag/j1YS0If6yjjCPIxnZ9EcZ\nzKGD5tHxs1rPa1B2SEjb4y/rCPM9LhVSnr/KvaLm/pTx780QkiNkQ+qvg5pb9+mDVBBASI4w\nQ2p2eeLJkAaPmvtIcTeFaiy8GgTsjiM9t/8fclKE5AgzpMG4XN6e0rB41O6p1C0rfkRlUJzZ\nsD1CckRv/6Z/pCjX6xJj1bLsOJLq7uJcu+0RkiP6AwW3wDh3ofAMzW203qP1mQ1B/8yG/HUJ\niozu9bTLpszTXSGMkAABhAQIICRAACEBAggJEEBIgABCAgQQEiCAkAABhAQIICRAACEBAggJ\nEEBIgABCAgQQEiCAkAABhAQIICRAACEBAggJEEBIgABCAgQQEiCAkAABhAQIICRAACEBAggJ\nEEBIgABCAgT8f3Dy+VPNWhgeAAAAAElFTkSuQmCC",
      "text/plain": [
       "Plot with title \"Efficient Frontier\""
      ]
     },
     "metadata": {
      "image/png": {
       "height": 420,
       "width": 420
      }
     },
     "output_type": "display_data"
    }
   ],
   "source": [
    "plot(fronteira_eficiente, plot.asset = TRUE,\n",
    "     col = ifelse(fronteira_eficiente$er == carteira_eficiente$er,\"red\",\n",
    "                  \"blue\"), pch = 16)\n",
    "points(carteira_min_risco$sd, carteira_min_risco$er, col = \"green\", pch = 10, cex = 2)\n",
    "points(carteira_eficiente$sd, carteira_eficiente$er, col = \"red\", pch = 10, cex = 2)\n",
    "text(carteira_min_risco$sd, carteira_min_risco$er, labels = \"Risco Mínimo\", pos = 2)\n",
    "text(carteira_eficiente$sd, carteira_eficiente$er, labels = \"Carteira Eficiente\", pos = 2)\n",
    "tangente <- (carteira_eficiente$er - tx_livre_risco)/carteira_eficiente$sd\n",
    "abline(a = tx_livre_risco, b = tangente, col = \"green\", lwd = 2)"
   ]
  },
  {
   "cell_type": "code",
   "execution_count": 25,
   "metadata": {},
   "outputs": [
    {
     "data": {
