{
 "cells": [
  {
   "cell_type": "code",
   "execution_count": 1,
   "metadata": {},
   "outputs": [],
   "source": [
    "pacotes <- c(\"IntroCompFinR\", \"tidyquant\",\"tidyverse\")\n",
    "for(i in pacotes){\n",
    "    suppressPackageStartupMessages(library(i, character.only = T))\n",
    "}\n",
    "options(warn = -1)"
   ]
  },
  {
   "cell_type": "code",
   "execution_count": 2,
   "metadata": {},
   "outputs": [],
   "source": [
    "acoes <- c(\"TRPL4.SA\",\"ITUB4.SA\", \"GRND3.SA\", \"ABCB4.SA\", \"WEGE3.SA\")\n",
    "data_inicio <- Sys.Date()-365*8\n",
    "ret_d <- tq_get(acoes, from = data_inicio) %>%\n",
    "  group_by(symbol) %>%\n",
    "  tq_transmute(select = adjusted, mutate_fun = dailyReturn) %>%\n",
    "  spread(key = symbol, value = daily.returns)"
   ]
  },
  {
   "cell_type": "code",
   "execution_count": 3,
   "metadata": {},
   "outputs": [
    {
     "name": "stdout",
     "output_type": "stream",
     "text": [
      " ABCB4.SA  GRND3.SA  ITUB4.SA  TRPL4.SA  WEGE3.SA \n",
      "0.1665540 0.2197034 0.1947341 0.3334536 0.3985385 \n"
     ]
    }
   ],
   "source": [
    "retorno_medio <- colMeans(ret_d[,-1])*252\n",
    "print(retorno_medio)"
   ]
  },
  {
   "cell_type": "code",
   "execution_count": 4,
   "metadata": {},
   "outputs": [
    {
     "data": {
      "text/html": [
       "<table>\n",
       "<caption>A matrix: 5 × 5 of type dbl</caption>\n",
       "<thead>\n",
       "\t<tr><th></th><th scope=col>ABCB4.SA</th><th scope=col>GRND3.SA</th><th scope=col>ITUB4.SA</th><th scope=col>TRPL4.SA</th><th scope=col>WEGE3.SA</th></tr>\n",
       "</thead>\n",
       "<tbody>\n",
       "\t<tr><th scope=row>ABCB4.SA</th><td>0.11969502</td><td>0.03658851</td><td>0.06097996</td><td>0.02795728</td><td>0.03037572</td></tr>\n",
       "\t<tr><th scope=row>GRND3.SA</th><td>0.03658851</td><td>0.10033373</td><td>0.03945906</td><td>0.02328306</td><td>0.02864024</td></tr>\n",
       "\t<tr><th scope=row>ITUB4.SA</th><td>0.06097996</td><td>0.03945906</td><td>0.10848702</td><td>0.03329467</td><td>0.03803315</td></tr>\n",
       "\t<tr><th scope=row>TRPL4.SA</th><td>0.02795728</td><td>0.02328306</td><td>0.03329467</td><td>0.08318835</td><td>0.01836974</td></tr>\n",
       "\t<tr><th scope=row>WEGE3.SA</th><td>0.03037572</td><td>0.02864024</td><td>0.03803315</td><td>0.01836974</td><td>0.10644451</td></tr>\n",
       "</tbody>\n",
       "</table>\n"
      ],
      "text/latex": [
       "A matrix: 5 × 5 of type dbl\n",
       "\\begin{tabular}{r|lllll}\n",
       "  & ABCB4.SA & GRND3.SA & ITUB4.SA & TRPL4.SA & WEGE3.SA\\\\\n",
       "\\hline\n",
       "\tABCB4.SA & 0.11969502 & 0.03658851 & 0.06097996 & 0.02795728 & 0.03037572\\\\\n",
       "\tGRND3.SA & 0.03658851 & 0.10033373 & 0.03945906 & 0.02328306 & 0.02864024\\\\\n",
       "\tITUB4.SA & 0.06097996 & 0.03945906 & 0.10848702 & 0.03329467 & 0.03803315\\\\\n",
       "\tTRPL4.SA & 0.02795728 & 0.02328306 & 0.03329467 & 0.08318835 & 0.01836974\\\\\n",
       "\tWEGE3.SA & 0.03037572 & 0.02864024 & 0.03803315 & 0.01836974 & 0.10644451\\\\\n",
       "\\end{tabular}\n"
      ],
      "text/markdown": [
       "\n",
       "A matrix: 5 × 5 of type dbl\n",
       "\n",
       "| <!--/--> | ABCB4.SA | GRND3.SA | ITUB4.SA | TRPL4.SA | WEGE3.SA |\n",
       "|---|---|---|---|---|---|\n",
       "| ABCB4.SA | 0.11969502 | 0.03658851 | 0.06097996 | 0.02795728 | 0.03037572 |\n",
       "| GRND3.SA | 0.03658851 | 0.10033373 | 0.03945906 | 0.02328306 | 0.02864024 |\n",
       "| ITUB4.SA | 0.06097996 | 0.03945906 | 0.10848702 | 0.03329467 | 0.03803315 |\n",
       "| TRPL4.SA | 0.02795728 | 0.02328306 | 0.03329467 | 0.08318835 | 0.01836974 |\n",
       "| WEGE3.SA | 0.03037572 | 0.02864024 | 0.03803315 | 0.01836974 | 0.10644451 |\n",
       "\n"
      ],
      "text/plain": [
       "         ABCB4.SA   GRND3.SA   ITUB4.SA   TRPL4.SA   WEGE3.SA  \n",
       "ABCB4.SA 0.11969502 0.03658851 0.06097996 0.02795728 0.03037572\n",
       "GRND3.SA 0.03658851 0.10033373 0.03945906 0.02328306 0.02864024\n",
       "ITUB4.SA 0.06097996 0.03945906 0.10848702 0.03329467 0.03803315\n",
       "TRPL4.SA 0.02795728 0.02328306 0.03329467 0.08318835 0.01836974\n",
       "WEGE3.SA 0.03037572 0.02864024 0.03803315 0.01836974 0.10644451"
      ]
     },
     "metadata": {},
     "output_type": "display_data"
    }
   ],
   "source": [
    "covar <- cov(ret_d[,-1], use = \"na.or.complete\")*252\n",
    "covar"
   ]
  },
  {
   "cell_type": "code",
   "execution_count": 5,
   "metadata": {},
   "outputs": [
    {
     "data": {
      "text/html": [
       "<table>\n",
       "<caption>A matrix: 5 × 5 of type dbl</caption>\n",
       "<thead>\n",
       "\t<tr><th></th><th scope=col>ABCB4.SA</th><th scope=col>GRND3.SA</th><th scope=col>ITUB4.SA</th><th scope=col>TRPL4.SA</th><th scope=col>WEGE3.SA</th></tr>\n",
       "</thead>\n",
       "<tbody>\n",
       "\t<tr><th scope=row>ABCB4.SA</th><td>1.0000000</td><td>0.3338745</td><td>0.5351311</td><td>0.2801726</td><td>0.2691082</td></tr>\n",
       "\t<tr><th scope=row>GRND3.SA</th><td>0.3338745</td><td>1.0000000</td><td>0.3782112</td><td>0.2548504</td><td>0.2771351</td></tr>\n",
       "\t<tr><th scope=row>ITUB4.SA</th><td>0.5351311</td><td>0.3782112</td><td>1.0000000</td><td>0.3504730</td><td>0.3539254</td></tr>\n",
       "\t<tr><th scope=row>TRPL4.SA</th><td>0.2801726</td><td>0.2548504</td><td>0.3504730</td><td>1.0000000</td><td>0.1952137</td></tr>\n",
       "\t<tr><th scope=row>WEGE3.SA</th><td>0.2691082</td><td>0.2771351</td><td>0.3539254</td><td>0.1952137</td><td>1.0000000</td></tr>\n",
       "</tbody>\n",
       "</table>\n"
      ],
      "text/latex": [
       "A matrix: 5 × 5 of type dbl\n",
       "\\begin{tabular}{r|lllll}\n",
       "  & ABCB4.SA & GRND3.SA & ITUB4.SA & TRPL4.SA & WEGE3.SA\\\\\n",
       "\\hline\n",
       "\tABCB4.SA & 1.0000000 & 0.3338745 & 0.5351311 & 0.2801726 & 0.2691082\\\\\n",
       "\tGRND3.SA & 0.3338745 & 1.0000000 & 0.3782112 & 0.2548504 & 0.2771351\\\\\n",
       "\tITUB4.SA & 0.5351311 & 0.3782112 & 1.0000000 & 0.3504730 & 0.3539254\\\\\n",
       "\tTRPL4.SA & 0.2801726 & 0.2548504 & 0.3504730 & 1.0000000 & 0.1952137\\\\\n",
       "\tWEGE3.SA & 0.2691082 & 0.2771351 & 0.3539254 & 0.1952137 & 1.0000000\\\\\n",
       "\\end{tabular}\n"
      ],
      "text/markdown": [
       "\n",
       "A matrix: 5 × 5 of type dbl\n",
       "\n",
       "| <!--/--> | ABCB4.SA | GRND3.SA | ITUB4.SA | TRPL4.SA | WEGE3.SA |\n",
       "|---|---|---|---|---|---|\n",
       "| ABCB4.SA | 1.0000000 | 0.3338745 | 0.5351311 | 0.2801726 | 0.2691082 |\n",
       "| GRND3.SA | 0.3338745 | 1.0000000 | 0.3782112 | 0.2548504 | 0.2771351 |\n",
       "| ITUB4.SA | 0.5351311 | 0.3782112 | 1.0000000 | 0.3504730 | 0.3539254 |\n",
       "| TRPL4.SA | 0.2801726 | 0.2548504 | 0.3504730 | 1.0000000 | 0.1952137 |\n",
       "| WEGE3.SA | 0.2691082 | 0.2771351 | 0.3539254 | 0.1952137 | 1.0000000 |\n",
       "\n"
      ],
      "text/plain": [
       "         ABCB4.SA  GRND3.SA  ITUB4.SA  TRPL4.SA  WEGE3.SA \n",
       "ABCB4.SA 1.0000000 0.3338745 0.5351311 0.2801726 0.2691082\n",
       "GRND3.SA 0.3338745 1.0000000 0.3782112 0.2548504 0.2771351\n",
       "ITUB4.SA 0.5351311 0.3782112 1.0000000 0.3504730 0.3539254\n",
       "TRPL4.SA 0.2801726 0.2548504 0.3504730 1.0000000 0.1952137\n",
       "WEGE3.SA 0.2691082 0.2771351 0.3539254 0.1952137 1.0000000"
      ]
     },
     "metadata": {},
     "output_type": "display_data"
    }
   ],
   "source": [
    "matriz_cor <- cor(ret_d[,-1], use = \"na.or.complete\")\n",
    "matriz_cor"
   ]
  },
  {
   "cell_type": "code",
   "execution_count": 31,
   "metadata": {},
   "outputs": [],
   "source": [
    "tx_livre_risco <- 0.2"
   ]
  },
  {
   "cell_type": "code",
   "execution_count": 32,
   "metadata": {},
   "outputs": [],
   "source": [
    "short_selling <- T"
   ]
  },
  {
   "cell_type": "code",
   "execution_count": 33,
   "metadata": {},
   "outputs": [
    {
     "data": {
      "text/plain": [
       "Call:\n",
       "tangency.portfolio(er = retorno_medio, cov.mat = covar, risk.free = tx_livre_risco, \n",
       "    shorts = short_selling)\n",
       "\n",
       "Portfolio expected return:     0.5255602 \n",
       "Portfolio standard deviation:  0.3931711 \n",
       "Portfolio weights:\n",
       "ABCB4.SA GRND3.SA ITUB4.SA TRPL4.SA WEGE3.SA \n",
       " -0.3497  -0.1062  -0.4023   0.8466   1.0117 "
      ]
     },
     "metadata": {},
     "output_type": "display_data"
    }
   ],
   "source": [
    "carteira_eficiente <- tangency.portfolio(retorno_medio, covar, tx_livre_risco, shorts = short_selling)\n",
    "\n",
    "carteira_eficiente"
   ]
  },
  {
   "cell_type": "code",
   "execution_count": 34,
   "metadata": {},
   "outputs": [
    {
     "data": {
      "text/html": [
       "0.828036773463878"
      ],
      "text/latex": [
       "0.828036773463878"
      ],
      "text/markdown": [
       "0.828036773463878"
      ],
      "text/plain": [
       "[1] 0.8280368"
      ]
     },
     "metadata": {},
     "output_type": "display_data"
    }
   ],
   "source": [
    "sharpe <- (carteira_eficiente$er-tx_livre_risco)/carteira_eficiente$sd\n",
    "sharpe"
   ]
  },
  {
   "cell_type": "code",
   "execution_count": 35,
   "metadata": {},
   "outputs": [
    {
     "data": {
      "text/plain": [
       "Call:\n",
       "globalMin.portfolio(er = retorno_medio, cov.mat = covar, shorts = short_selling)\n",
       "\n",
       "Portfolio expected return:     0.2933044 \n",
       "Portfolio standard deviation:  0.210483 \n",
       "Portfolio weights:\n",
       "ABCB4.SA GRND3.SA ITUB4.SA TRPL4.SA WEGE3.SA \n",
       "  0.1272   0.2204   0.0666   0.3492   0.2365 "
      ]
     },
     "metadata": {},
     "output_type": "display_data"
    }
   ],
   "source": [
    "carteira_min_risco <- globalMin.portfolio(retorno_medio, covar, shorts = short_selling)\n",
    "\n",
    "carteira_min_risco"
   ]
  },
  {
   "cell_type": "code",
   "execution_count": 36,
   "metadata": {},
   "outputs": [
    {
     "data": {
      "text/plain": [
       "Call:\n",
       "efficient.frontier(er = retorno_medio, cov.mat = covar, nport = npor, \n",
       "    shorts = short_selling)\n",
       "\n",
       "Frontier portfolios' expected returns and standard deviations\n",
       "   port 1 port 2 port 3 port 4 port 5 port 6 port 7 port 8 port 9 port 10\n",
       "ER 0.4512 0.4490 0.4469 0.4448 0.4427 0.4405 0.4384 0.4363 0.4341  0.4320\n",
       "SD 0.3086 0.3064 0.3042 0.3020 0.2998 0.2977 0.2955 0.2934 0.2913  0.2892\n",
       "   port 11 port 12 port 13 port 14 port 15 port 16 port 17 port 18 port 19\n",
       "ER  0.4299  0.4278  0.4256  0.4235  0.4214  0.4193  0.4171  0.4150  0.4129\n",
       "SD  0.2871  0.2851  0.2830  0.2810  0.2790  0.2770  0.2751  0.2731  0.2712\n",
       "   port 20 port 21 port 22 port 23 port 24 port 25 port 26 port 27 port 28\n",
       "ER  0.4108  0.4086  0.4065  0.4044  0.4023  0.4001  0.3980  0.3959  0.3938\n",
       "SD  0.2693  0.2674  0.2655  0.2637  0.2619  0.2601  0.2583  0.2565  0.2548\n",
       "   port 29 port 30 port 31 port 32 port 33 port 34 port 35 port 36 port 37\n",
       "ER  0.3916  0.3895  0.3874  0.3853  0.3831   0.381  0.3789  0.3767  0.3746\n",
       "SD  0.2531  0.2514  0.2498  0.2482  0.2466   0.245  0.2435  0.2419  0.2405\n",
       "   port 38 port 39 port 40 port 41 port 42 port 43 port 44 port 45 port 46\n",
       "ER  0.3725  0.3704  0.3682  0.3661  0.3640  0.3619  0.3597  0.3576  0.3555\n",
       "SD  0.2390  0.2376  0.2362  0.2348  0.2335  0.2322  0.2309  0.2297  0.2285\n",
       "   port 47 port 48 port 49 port 50 port 51 port 52 port 53 port 54 port 55\n",
       "ER  0.3534  0.3512  0.3491   0.347  0.3449  0.3427  0.3406  0.3385  0.3364\n",
       "SD  0.2273  0.2262  0.2251   0.224  0.2230  0.2220  0.2211  0.2202  0.2193\n",
       "   port 56 port 57 port 58 port 59 port 60 port 61 port 62 port 63 port 64\n",
       "ER  0.3342  0.3321  0.3300  0.3279  0.3257  0.3236  0.3215  0.3193  0.3172\n",
       "SD  0.2185  0.2177  0.2169  0.2162  0.2155  0.2149  0.2143  0.2138  0.2132\n",
       "   port 65 port 66 port 67 port 68 port 69 port 70 port 71 port 72 port 73\n",
       "ER  0.3151  0.3130  0.3108  0.3087  0.3066  0.3045  0.3023  0.3002  0.2981\n",
       "SD  0.2128  0.2124  0.2120  0.2116  0.2113  0.2111  0.2109  0.2107  0.2106\n",
       "   port 74 port 75 port 76 port 77 port 78 port 79 port 80 port 81 port 82\n",
       "ER  0.2960  0.2938  0.2917  0.2896  0.2875  0.2853  0.2832  0.2811  0.2790\n",
       "SD  0.2105  0.2105  0.2105  0.2106  0.2106  0.2108  0.2110  0.2112  0.2115\n",
       "   port 83 port 84 port 85 port 86 port 87 port 88 port 89 port 90 port 91\n",
       "ER  0.2768  0.2747  0.2726  0.2705  0.2683  0.2662  0.2641  0.2619  0.2598\n",
       "SD  0.2118  0.2122  0.2126  0.2130  0.2135  0.2140  0.2146  0.2152  0.2159\n",
       "   port 92 port 93 port 94 port 95 port 96 port 97 port 98 port 99 port 100\n",
       "ER  0.2577  0.2556  0.2534  0.2513  0.2492  0.2471  0.2449  0.2428   0.2407\n",
       "SD  0.2166  0.2173  0.2181  0.2189  0.2197  0.2206  0.2216  0.2225   0.2235"
      ]
     },
     "metadata": {},
     "output_type": "display_data"
    }
   ],
   "source": [
    "npor <- 100\n",
    "fronteira_eficiente <- efficient.frontier(retorno_medio, covar, npor, shorts = short_selling)\n",
    "\n",
    "fronteira_eficiente"
   ]
  },
  {
   "cell_type": "code",
   "execution_count": 37,
   "metadata": {},
   "outputs": [
    {
     "data": {
      "image/png": "iVBORw0KGgoAAAANSUhEUgAAA0gAAANICAMAAADKOT/pAAAANlBMVEUAAAAAAP8A/wBNTU1o\naGh8fHyMjIyampqnp6eysrK9vb3Hx8fQ0NDZ2dnh4eHp6enw8PD////oRfzpAAAACXBIWXMA\nABJ0AAASdAHeZh94AAAgAElEQVR4nO3diXaqyAJG4erDIBoVeP+XbShAikFF+Jn3t9Y9iRqB\nznWHYlBMCmAys/YCAEdASIAAIQEChAQIEBIgQEiAACEBAoQECBASIEBIgAAhAQKEBAgQEiBA\nSIAAIQEChAQIEBIgQEiAACEBAoQECBASIEBIgAAhAQKEBAgQEiBASIAAIQEChAQIEBIgQEiA\nACEBAoQECBASIEBIgAAhAQKEBAgQEiBASIAAIQEChAQIEBIgQEgzMq78jqtnzKX+Wt7bfs73\nCV/ezeWXpbsMnx++4rc4o3ZI1/zrpf46MqSH1/iRcSFVEyEkDX6LM2qH5BvzTJ2vI0Nq/ci4\nkKofJiQNfoszar9IRS/ebkjTJ4KJ+G3O6FtI1dckytZRwb11n2e8KH7ddw+y0eAzfa2A3s4l\nuxn7Jsq/vV/yIeQ9/TSRN/OrJoGBCGlGzZd49eLtvIhjr7gnSrv3Pcr7ouLmc1BIeZbZd0H5\no2H6YSJv5ldOAkMR0owGhuRVWzj37n2e80xT7aH4FlLmL03D17PCDxN5P7+/uX4th0RIMzKO\n8nba/XrLXr7PNMnWH757X5CkyaV4Oecv8CyyS2sy3bmUN7OnZuO67JtbNo1rXWjfRN7Mz04C\nwxHSjIaFFBYv9MS/xu59SfETYXGf/YmhIdmtoiyKm308Ko5dvZnIh/nhB4Q0o2EhNbt43eeM\ntVrP+xpS4n5N4+ZsepelMz9WSD8ipBm1XvGjQvrQQP9c2jNpz+ZLSN0lwhD8xmY0PiSv577f\nQ3qtkT6s1j7ND8PxG5vRsJCC/m2k+9vnDQsp7G4j9U3k0/wwHL+xGQ0LqW+v3V9238N+CbrP\ny78k3am2bvbsteubyKf5YTh+YzMyrvRdSPVxpFvPfY/+n48ac2nNtPgmeM368mam0Zf5YTh+\nYzMaGNKj58yGu+neV33NDwUFjbm0Zlp+V5XUfL9EayKf5ofh+I3NaGBI9jw3E7bPtfM791Vf\nwyqOxr3dm/eL1zzXrmcin+aH4fiNAQKEBAgQEiBASIAAIQEChAQIEBIgQEiAACEBAoQECBAS\nIEBIgAAhAQKEBAgQEiBASIAAIQEChAQIEBIgQEiAACEBAoQECBASIEBIgAAhAQKEBAgQEiBA\nSIAAIQEChAQIEBIgQEiAACEBAoQECBASIEBIgAAhAQKEBAgQEiCwQEgGWNC/3MRpjHiV68NZ\nYRZAJc9o6jQICSenyIiQcHL/NB0REs5MlREh4cxkGRESzkuYESHhrHSjOouQcEbijAgJp6TO\niJBwQvqMCAmnIx/VWYSEU5knI0LCucyUESHhTGbLiJBwHnON6ixCwjnMmhEh4STmzYiQcApz\nZ0RIOAE7qvvvv1nnQUg4uDKj3IxzISQcmx3V/UdIwARuRrOWREg4LmdUR0jAOJ2MCAn4WTcj\ntpGAHxVHjggJmOBfayfD3BkREg5o+YwICYdTnZ1KSISE8VbJiJBwLCtlREg4kn9L76urERKO\nYsWMCAmHUb3niJAWnQWOZd2MCAmHsM4ubxchYffqzzUhpMVngcPYQEaEhL3bREaEhH37t/ZO\nhgohYb82kxEhYcfqT6sjpNVmgb1zPvRx9YwICTv1793qaKXlISTsUOMT8QlpzVlgxzaXESFh\nfzaYESFhb5rXOdpIRoSEfXmf0bodERL25H1GhLTSLLA/282IkLAbH3Z5r54RIWEnWtdSJqSt\nzAK7svGMCAl7sPmMCAnb1xrVEdKmZoGdaGe0nZMZGggJm7aPjAgJm7aXjAgJG/Z542i1xepF\nSNiozsYRIW1xFti4XWVESNimLxltriNCwgZ1R3WENAohnVlPRhsf16WEhM3ZY0aEhI3ZZ0aE\nhE35unG0zmINQEjYjL6NI0KagpDOqC+jLX2+yUeEhG34ntGWOyIkbELvqI6QpiKkc9l9RoSE\nDdh/RiuFZL5NgpBOpD+jDX0a8SCEhFW9GdXtraMlQzJNc8wCOzMoI0JqeniEhIbDZLTs0C4J\nTRDbKTC0w6EyWnob6c+Yv5SQkH4Y1RHSAHFgwoSQ8D6j3ZwU1LT4Xrur8e6EdHYDM9pPRyvs\n/n76X/Y0TJ8Ftu19RoT0iwshndmHUZ1sXOeZJP+SZH+zy2889/iL/ZnkFmbfhrfiGY0Hk+wl\nenm6E0yi7O9/cKun77XmyClCWNQSGaVpaB75l2wjwtzzbx4mbId0r47GeOWeZOfB4iGnpKT8\nYc9mWU+3RkhY0iIZpenN2JXHxUQmet1uDISyFi55bI+wWLm4D0bmkv8T1vdc7IGbOCimZqd7\nac5xrZA4IHtGi20cPYrXeTbCKzK55GuoxmvOe61SLjY698FiYOje8xohFvdlE/Var9HthDT4\ntAfs1MdRnTakxPjZv3G2UglNPnLz8xDcl9Vfvb6Jo3zN1POCdDaDmo/+ZSumyB4RdX7i94Vk\naIcRPmekPnpkVxj5gK4Y5Nko3BrKjahaJ6TI3Nwbl7i+FWRPfpig+fzfl5GQ8LsfMlLs9A7z\nXQX52ihfK6VPu/5xxzudblqDoT9Tbg6VAmP8qGyvGC6WOwZfz/99GQkJv/qc0QwhXe3eheIF\nn6+armlvSO4djZBuoWef83K/5Dvt7HbVn22sNbZbNKTHNbTLGkaPzz9ISIfyZVQ3x1lBd3Mp\n9zjk+xkuds9Cc+9B+eXtKqrcCeF4XD07IPTtv0+7GVZP8PdlHPsqT3xnb0Lw8UcJ6UBWyCjf\nzxBka6U8n3u2ZgnsHod320hvQko6B12LeOLXi9jZbFoypMh4f8UxrvjuNUegqllgc75mNNNb\nYbMw7K46uwOvqKS51+7i/mjv8Zj6rtd3+TfXV0ju2G/BkDznUPGzW7tiFtianzJSnloXmns5\n9vKz7+y+7jfHkZJOSMV+hLgeu4XlKM+upPxyTRQ3xnaLvtX83Q3ZLLAtXzOaL6TIBOUa42rK\nExLaZzaE9syGyHT2jdvTFpKw3kZ6GHPL2noE2V3P1xGowD2JiDUS5vJ9VDfjR5z8ZUOvYjMo\nq6DYwdY83l9/8sGl86BXb8cXPxzVm/bRa1V2d7dPlt1GupcrRbaRju/XjMRvmXgaZ8Om+BPe\nPnHmL8yCCa5x2n0w8ox/K+8vJnfJfzbv0atXAZ577sPvizj6VR44e+385NNPEtLuDchor2+G\n7bXscaTIHkfywivHkY5tUEZ7++i6jzizAXJDRnWHWh2lhAS5YRk1Qpp9meZHSNAamNHBOiIk\nSI3IiJDmQ0j7NHRUd6jdDAVCgsqojA7SESFBZWhGhDT+KRucBbSGZ3TAcV1KSJAYPKo75uoo\nJSQI/JARIU16ygZnAZlfMjrmuC4lJEw1OqNDdURImOSnUd1hV0cpIWGK8RkdrSNCwng/ZURI\ngqdscBaY6seMjjyuSwkJI/02qjv46iglJIzya0aEpHnKBmeBCX7O6ODjupSQ8LvfMzp+R4SE\nH/0+qjvcu2H7EBJ+MTGjw3ZESPjFiIwISfiUDc4CvxuV0Tk6IiQMNWZUd/zd3hVCwiDjMiIk\n7VM2OAv8ZGRGJxnXpYSEIcZmdJ6OCAlfjR3VpW5I2kXaHkLCZxMyOlFHhITPJBkRkugpG5wF\nhpiQ0SlODKoREt6aMqo71/qIkPDWpIwIaZanbHAW+GJaRuca16WEhH4TMzpdR4SEHhNHdSkh\nzfSUDc4Cb03P6EwHkEqEhBZlRoSkfcoGZ4F+0zM64bguJSQ0CEZ1p1wfERIciowIac6nbHAW\n6JBkdMpxXUpIqGgyOmtHhARLM6pLCWnep2xwFnDIMjrhAaQSIUE1qkvPuz4iJAgzOvEKiZDO\nTjeqS8/cESGdmzSjEw/sCOncpBmdeoVESCc2W0Yn7IiQTks7qksJaYmnbHAWJyfP6OQdEdI5\nyTM6e0eEdEb6jAiJkE5HP6pLz73DziKkk5klo9OvjwjpZObJiBUSIZ3L7BmdtiNCOpGZMiKk\nHCGdxVyjOjqyCOkc5suIDSSLkE5hxowIySKkE5g1o5SMcoR0eHOO6tJ51kfG8boVPJzHvEtc\n3Gg879G4mUR+9qxbddMznm4Ju4u8yFM2OIuzmDmjBUMy5uE+5sVpO6TEM81bxQ8m9uY9+/au\nW8TOIi/ylA3O4iTmzmjGDaRXJOU3kQnqW0lgorQdUti4eTFB1lpc/GB+MzIX9TI6S7vIUzY4\ni1OYPaMlQyq/lrcSO1BrlPNnGjeNSYofLO7Mft6b8XVFSMc1+6gunXWP3eeQiq9uObEJWiG5\nU/vLVkyR+ZMv5Wtuizxlg7M4vCUymnXP98ehXc8aKTBxo51sJBe7jz7SRzGFWRDSQS2R0WIh\nlZ713XFnG+marW6aK6FsBeVHxa6+sjuvGO3NgZAOaZmM5j0U2w4peLq3ip1xdTlPE3b2ht8v\n+c/ZXXV/trsZx3aEdECLjOpyS4WU/eN79+pW73EkPw/LdF44j6tn95r79t+n8WdY0GKxFnnK\nBmdxXItlNPNJDc2QHsbEzbsbNy72GFE3pDKe+DU8jLs/oVnaRZ6ywVkc1nIZzXxyUGtnQ5iP\n3dJ3IbkHcHuefn09fJ1lWQnpaBbMaO6TVVshPRs7G7o/0w4pNMXJQXY3g1+uieLZxnaEdCQL\njurSpUOqVkkfjhU1bmZjwVu22fQIsqCe5dos35P3nGVhCelAls1o9ndPtENKilVSK6TGaqg6\nicF+iaq9ffm31Vl29/KEIf3SLvKUDc7ieJbNaPmQshzC9IeQ0ufFyzLKd3h79Xnf3kyngBPS\nQSydEW/nayKkQ1h4VJejowZCOoAVMiKkFkLavzUyoqMWQtq7VTIipDZC2rdVRnU5QmoipD1b\nLSM6aiOkHVstI0LqIKTdWjEjDiJ1ENJOrTeqy9FRGyHt0roZEVIXIe3RyhnRURch7c/aGRFS\nD0Lam7VHdTlC6iCkfdlCRnTUg5B2ZQsZEVIfQtqRbWTEQaQ+hLQbmxjV5eioByHtxGYyIqRe\nhLQP28mIkHoR0h5sKSNC6rVCSDfP+LfPP0JIrg2N6ixC6rFkSM/QeLfy02M/X6iGkGpby4iO\nei0Y0tMWFJlLksbV58mKZ3FAW8uIkPotGNIl/5DLqLhGe/L5M5gJqbS9jAip34IhlZcA7bmm\ngGwWB7O5UV2OjnotHtJfMaYzHz85lpDSjWZESG8sOrS7VFfwTC6fP8uckLY5qssRUq8FQ0o8\n58POP3+UOSFtNSNCemPR40hRlY/35doaZw9po6M6i5B6cWbD9mw5I0J6g5A2Z9MZEdIbhLQx\nG8+IkN5YKySOI/Xa9qgu999/+SLSUdt2QjIuxSz2Z/sZpTaif/9tfjkXx9BuO4ZmVF1k+FHc\nGDp5L7zF9pv4Ftrdp7G5NCc7YBHtyO6f/WfofM+BkLZi+Nrotd5+pL+ElD2hCOdSrvKvXuvx\n78uY1iGllOQipG34ZVRXvuKjL+9F6T7NL8rx/GIK/uOn59uOnJAoybVoSI9raP+ShtGX/wvP\nFtJvG0fVquPHTcn8LSzPNH87SzRyI5SQ3lvyFCHf2ZvAG/scP+5jaIRk/7kH2W/0bu+MPBMU\nm0I3v/lOZGPu9l1gN/NXnohfPD8OjXctb2b/u9pbWWtRZyqE9N6CIUXG+3va7+K7x0mrLz/v\nqmsM7fIbt+KPU/56D/JvvKT6zv2DZUxi38MSmrgRkpf/3LUKyb6B+W6fHLWmYpfSCYmSHAuG\n5Jnn6/snb6Mojdjl/VqtP9Pi5W9/s3/5eyX/TJAU76D8M94zfXrmz3la6tt0vLQRUvaMW/7c\nIiR7q/jXa02FkD5Y/P1IfTdks9idUUeOqtHxs7hhB23lQ2G+Jy/JEwjtfXdnlZT9ZJQ9/DCX\nZkiP11TqW3F5X2Mq/7qm/LcfC2ukNY17LdoAfO/+upFt0ITPV1bODzX+YGXf/mVDuGu2emmE\nVH1b/a993+sO1kgfLLuNdC+PCLKNlBv7J92+rB/FaqO4cc23c7z4a0hxtmoJsueNC4mdDR8s\nufs7cPba+cmnnzxDSOOHRsXLOiw+/aJ8jd8jv9rOcX+oFVI2KrDjPkKSW/Y4UmSPI3nh9fTH\nkaZsYRQv62e9s6G+O+hsI4WNp13yj0P7IaTmVAjpPc5sWMO0DfWynWKVlN/w871qdq/dLd/f\nFr3da5fda/J7BofUmgqnCL1FSCuYuL+rDCmxq6Qqj/LUu4/HkfLzVO2m1eCQ2lPhpNV3CGlx\nk3cbV6O5KF8l1Wc2PMo7TVie2eC1z2xI840kL/0lpPZUeBvFG4S0sL0ffuGNff0IaVF7z6h5\nHAk1QlrS7jPiIxveIaTlHCAjQnqHkJay/1Gd9R8l9SKkZRwko5RV0huEtIjDZERIbxDSAg6U\nESG9QUizO86oziKkXoQ0s4NlREhvENK8jpZRSkn9CGlOB8yIkPoR0nwON6orEFIfQprLQTMi\npH6ENJOjZkRI/QhpFsfNKKWkXoQ0g8OO6gqE1IOQ5A6eESH1IiS1o2eUUlIfQtI6QUaE1IeQ\nlA4/qivwnqQuQtI5SUYpq6QehCRzmowIqQchiZwoI0LqQUgS5xnVWYTUQUgCJ8uIkHqoQnqG\nffeOta+QzpZRSkldU0J6BNX1F5/hyAvOf5vFDpwwI0LqmhDSo7oicBwa8/kKfAss1UpON6or\nEFLbhJCCPJ7IBPcso/DjBfiWWKpVnDSjlGOyHRNCqi7+4Znw+eHHx9hJSKfNiJA6BCH5X65j\nOcIuQjpxRm5IlGQJQhIuTXsWG3beUV2BkJoIaZSzZ0RIbYQ0xukzylGSa1JIDSsv1YLIyCIk\nFyH9ilFdiZBcnGv3GzKqUZKDkH5CRg5CchDSD8iogR13jsl77fpuTLbJkBjVtVFSTbX7+/Ah\nkVEXIdUIaRgy6kNJL4Q0BBn1I6QXQvqOUd1bhFQhpG/I6BPWSSVC+oKMPiKkEiF9REZf8L6k\nEufafcCo7jtKKhDSW2Q0BCEVOEXoHTIaiJJyhNSPjAYjpBwh9WFU9wtCSgmpDxn9iJIIqQcZ\n/YrBHSF1kNHvCImQWhjVjcI+cEJykdFIhERIDjIajZImh/QX5Bej+BMtTu8slkFGUxDSxKcE\n5QlCgWqBurNYBKO6aQhp2lNuxrtnX+6euamWqD2LJZDRdOfuaGpIvikujfQ0vmZ5urOYHxkp\nENKUp7xO+t7x2d9kJHLijIRrJE+zPN1ZzIyMoHDybSRGddA49V47MoLK9ONI4W6PI5ERZM57\nZgMZQeisITGqg9TEj+Pa6YefkBHEThkSGUHthEM7MoLe6UJiVIc5nOwDIskI8zhXSGSEmZxp\naEdGmM15QmJUhxmd5a3mZIRZneSkVTLCvE7xNgoyOoPkZs+fLl+I1R/4R3HjXt37esiPkuJp\nF2Muz8aEIj974usF7Q16r90J3mrOqO4Usj/mBS/Ob772Jj/sjbIFJ6TqB4unOSUl5YS8IrS7\neWX4yeHfak5G55C93i95M4+wiKZ8QUZ2oyNr4Zq+7i0eigP7UGQu+T9hPaWLCWL7cFTetD/y\nzdHfak5GJ+G9VhsXu5lR/WUv0/FN7NwqHvLzp3gmSZvrAWPvSZPq6she9jPf53/sbSQyOou/\nep0SR8VorrhVpvMsHm+EdK/XNO56oDm4+stWTJH5vlf6yHvtGNWdR2i3hRytoV22nnrlVZWS\nvDbsI3c9kI3k4vpWkD3vMeDlfdy3mpPRmXS20V87G57Fo0U1jZCqb/5MuTlUCvJdemWXiV1X\nFeO/zwswYpnLr9H19+f+OIsJyOhUqg2a13mf1UjpWT16y9c6vSHdQs80Xsv3S77Tzm5z/dnG\nBoztJr+x7/fn/zCL0cjoZHpCyv7xixrKG9lqpTektNpB4XhcPTsW9O2/A47uTAop3mhIjOpO\nx91Gqmt5GGdn3cNcmiHF9aZP0t3rbOOJXyPEuP14y4SQLht9GwUZndCfc6zHqSV0dtZlN56N\nkP6cTaP69dtYX11fL+9v2zETQkrCTYZERqdUH0dKnFqer50Nab568VvHkR7VfoS4HruF5SjP\nrqTKw0/u42+ozmzQGj9VMjqpuzGhPbMhKs4HKl+ZxSqpvHF1Np8aZzYkYb2NlA0Hb1lbjyC7\n6/k6OhWYxul4XccKiVHdeT2qc+2KQV75ykzsKql6mXpvz7UL6udE9aHR6LWauzf3kHcd6Y19\nZHRuf2EWRXAtBmNVO/Y0uvpchjqkoNrqiTzj39znPC/5dPId3l69C8L7cg6cao30bT7jZzEY\nGWE9opDi1Xc2kBHWNCGke2On3brvR2JUh3VNWSP5bkePT08p5O9FDNy3KqqWioywtgX32pXv\nPAwHPPG3pSIjrG5iSOGXnYIue656cvOcPY2KpSIjbMCCa6TyfYax58e6kBjVYRMmhuR/f6NG\n/bzq/VRBoAqJjLARE0NKwmDAXoZCHZ0faEIiI2zF5KHd8JNWb68TdGMTCEIiI2zHgiHlJzGV\n392//PyAiTGqw5Yseq7ds/6kl8u0kMgI27LPk1bJCBszOaQVrkZBRticqSEt/7l2jOqwQRND\nGv1Jq2N3NpARNmnyAdmRV6PohjToAyDICNukOkVokfcjkRHGKT6D0flD3Xzhlpsn9bkFj8Yr\ncMgFk2RrpPnfIcuoDmMNCqm+SlLSuP7EoAsmrbWNNHwWJTLCeJ2RUzuk/NvotcssbAywBl0w\nadG9do9r8VF4YfTlBL3uUpERJhgUkvPJkY2QBl0wafpxpMFXo0jcd9R+Dq+9VGSESQaGVGyf\ntE8FHXTBpAXPbIiM91cMQuNsKPjxHYHNWTCqw0QDh3bF9klgmp/lM+iCSQuG5DkfVvll54Q7\nCzLCZF9Dsoo/7tdsddNcCQ25YNKUkOLIM140+J19H1aXb2fBqA4Kw0KyF1N6up8oWRpwwaQJ\nIcXFXkHv2wUvKmPWSGQEhUFDu7u9JJKf7+Xu/p3/dsGkCSFdTJCkSTDk2ulWto10Lz/bf+A2\nEqM6aAzb2fDMNn0u9hhR34Dp8wWTJoRUXRBj8KHYwNlr538cEdpZkBFUOiE1r9fi5NU9TW3Y\nBZMmhNTa+T7AI7LHkbzwOuA4EhlBphNSda3L4vMPXpeu8HpCGnbBpEVD+mEWZAShTkh3Y/P4\nM3aTp7g3CV4bHO6LetgFk7YZEqM6SHVPrq6ughQV9zbOpmu9tgddMGmzIeknivPqeZfC3Z6S\nU1313GZUH8ppvraHXDBpUkgNv0/o+yyAnSAkQGDBU4S2NQtAiZAAAUICBAgJECAkQICQAAFC\nAgQICRAgJECAkAABQgIECAkQICRAgJAAAUICBAgJECAkQICQAAFCAgQICWdXXxO2/Nit6uNL\n808Putx7H+pcZpaQcHLONWGrD/IpPvux/Dw7P+4+1HOZ2d9nTEg4EueasI1ryV7thVySa3G9\nlW+XmSUknJxzTVj3cyHj6oJFF/fjwd9eZpaQcG7uNWHda8lG1fUmkvDWeqjvMrOEhHNzrwnr\nXku29Sn53y4zS0g4tcY1YZsfrN/4Ofeh3svM/j5rQsJxNK4JW1124pm+C+ntZWYJCafWuCas\ney3ZTkj1Q32XmSUknFnzmrDOtWTT8LWNdE+aD/VeZpaQcGbNa8K6l2q+VnvtHoMuM0tIOLPe\nizLbHRCv40iBuTUf6r3MLCHhxFrXhG1cS/Ziz2yIw+LQ0bfLzBISTqx1TdjmtWSDvnPt3l5m\n9veZExKOonVN2Na1ZP/C8tKxaeeh9jlDT0ICBAgJECAkQICQAAFCAgQICRAgJECAkAABQgIE\nCAkQICRAgJAAAUICBAgJECAkQICQAAFCAgQICRAgJECAkAABQgIECAkQICRAgJAAAUICBAgJ\nECAkQICQAAFCAgQICRAgJECAkAABQgIECAkQICRAgJAAAUICBAgJECAkQICQAAFCAgQICRAg\nJECAkAABQgIECAkQICRAgJAAAUICBAgJECAkQICQAAFCAgQICRAgJECAkAABQgIECAkQICRA\ngJAAAUICBAgJECAkQICQAAFCAgQWDMk0zTELYCULhnQjJBzWkkO7pxfMPQtgHYtuIz1NNPcs\ngFUsu7PhZp5zzwJYA3vtAAFCAgQICRAgJEBgrZA4joRD2U5Ig4/WAtvD0A4QICRAgJAAgUVD\nelxDuwUURo+5ZgGsYsGQEt/Zm/D59FVCws4sGFJkvL/iVLv47n0+fZWQsDMLhuQ5Z6w+jTfH\nLICVLPoO2Xc3ZLMAVsIaCRBYdhvpHtvv2EbC0Sy5+ztw9tr5ySyzANax7HGkyB5H8sIrx5Fw\nLJzZAAgQEiBASIAAIQEChAQIEBIgQEiAACEBAoQECBASIEBIgAAhAQKEBAgQEiBASIAAIQEC\nhAQIEBIgQEiAACEBAoQECBASIEBIgAAhAQKEBAgQEiBASIAAIQEChAQIEBIgQEiAACEBAoQE\nCBASIEBIgAAhAQKEBAgQEiBASIAAIQEChAQIEBIgQEiAACEBAoQECBASIEBIgAAhAQKEBAgQ\nEiBASIAAIQEChAQIEBIgQEiAACEBAoQECBASIEBIgAAhAQKEBAgQEiBASIAAIQEChAQIEBIg\nQEiAACEBAoQECBASIEBIgAAhAQKEBAgQEiBASIAAIQEChAQIEBIgQEiAACEBAoQECBASIEBI\ngAAhAQKEBAgQEiBASIAAIQEChAQIEBIgQEiAACEBAoQECBASIEBIgAAhAQKEBAgQEiBASIAA\nIQEChAQILBrS4xqaXBg95poFsIoFQ0p8UwtmmQWwkgVDioz397TfxXfPRHPMAljJgiF55vn6\n/mm8OWYBrGTBkIx5d0M2C2AlrJEAgWW3ke6x/Y5tJBzNkru/A2evnZ/MMgtgHcseR4rscSQv\nvHIcCcfCmQ2AACEBAoQECKwVEseRcCjbCcm4FLMAlsPQDhAgJECAkAAB3tgHCPDGPkCAN/YB\nAryNAhDgjX2AAGskQIA39gECvLEPEOCNfYAAZzYAAoQECBASIEBIgAAhAQKEBAgQEiBASIAA\nIQEChDL4rJMAAAZlSURBVAQIbDQkYGdGvMr14Wxj3nNOnAVfeuLbX3BC2ti0WfClp01Iq02c\nBV964ttfcELa2LRZ8KWnTUirTZwFX3ri219wQtrYtFnwpadNSKtNnAVfeuLbX3BC2ti0WfCl\np01Iq02cBV964ttfcELa2LRZ8KWnTUirTZwFX3ri219wQtrYtFnwpae9/5CAwyAkQICQAAFC\nAgQICRAgJECAkAABQgIECAkQICRAgJAAAUICBAgJECAkQICQAAFCAgQWDCnyjBcl/Xd0HhNO\nfPTnor+ddprezPvHZBPXL/jNn/E3Xk9cvuDJxZjL8818hROfsODLhRTYZfR77+g8Jpz4c+r/\nrT0L96wmp1/weuL6BY/sHV7SP1/ZxPUL7tk7nr2PCSc+ZcEXC+lhvGf69Myj547OY8qJP02o\nXfA0v2XePaabuHzBn+aS5Ou7yxwL7kxcvuBRPtXITlW/4M7Epyz4YiFF5p79+2euPXd0HlNO\n/DZ+sv3TzqYYlK91/YI7E5cveFhMN5+8fsGdicsX3DNJOekZFtyZ+JQFXyyk0MRpo3nnjs5j\nyonfzG3CYvctnInS8rWuX3Bn4voFL+dgZlnweuIzLbjxPsxXMvEpC75YSMa4X5p3dB5TTjw0\n90u2dTl20j0L92zfKVxwZ+L6BbcSE8yy4PXE51nwyL7KZ1rwYuJTFvwMIVmBbNrdO8X/t75C\nmmHB8z+79/lCshOfY8H/jIk+zFcz8SkLfvyQjPnL/lJGo9faq4U0y4KnsRe+fUw2cf2C30LP\nbsDMsuD1xMcv+PFDKiSj95iuFlJBvOCJF7x9TDXx8oZ2wdP0kr/A51qVXup6xi34YiF57f8A\n547OY8qJl0ZPvHfhylv6Bf92a+q0A//9Y6qJl7QLnr/AvbkWvJx4adTEFwup2FsSt3esxfVe\nu3jqrpj+iZdG/+p7F+61GaNecGfivbemTTv2g/j9fFUTL2l/42m1xTvHbzyd/jd3sZCudv/9\n3UQ9d3QeU068OE4w/lffu3Dl71q/4M7E9Qt+f21Hz7Dg9cTlC15N0J9jwZ2JT1nwxUJa7cyG\nKP+dJcVxOMm0c+VrfY4zG14Tly94XO+P0i+4M3H5gtuTD5Iw34yZ6cyGYuJTFnyxkFK/3rVY\nvFKcO/xp+0s/TjwpzqUaf1ijM23nG/2C19/IF/xi6nPJ5AvuTFz/G/fmfKnUE5+y4MuFlNiz\nbouZmtYdzrfzTNyfcKy9M23nG/2CtyauXHBTv9b1C96euPY3Xk9wht94c+IjF3y5kIADIyRA\ngJAAAUICBAgJECAkQICQAAFCAgQICRAgJECAkAABQgIECAkQICRAgJAAAUICBAgJECAkQICQ\nAAFCAgQICRAgJECAkAABQgIECAkQICRAgJAAAUICBAgJECAkQICQAAFCAgQICRAgpI0oLnfn\nXeL+h4vLmiaX5oUZ80vOvbkGdxL5xgQ3Z9p+lCgXGA2EtBHVlSO93pL84v+nMPuBa+NJ70Iq\nL4dqvOTrtKFASBtRXvo26L8UcFmLMXHf3T0uJsh+NC4mV/xYdmPCNYzxGSFtRHUpc+N9eLQd\nzvuQjEmKyRnnx/xRF77HEIS0EdWLvfh688ura2dB+CYsLhf+umq482jnCa3JNW7czWXm/4rz\nIqSNaKyRAptMYO/OKoqaIbmPlk+s7ypFxtltUYWUGH+p/5zTIaSNeG3HZBs1f8Z7pk/P/OV3\nB0naHNo1Hi3+59xVCfLddA932umnoSAm4je7Ea89a0m+cy7flrnnaxhjHsWj6etL49Hif85d\nL/dLPrW782xCmhG/2Y1wjyM52TT3Mri7DqpHuz/18rh6tkNCmh+/2Y1wX+OqkNL0abeKqvtj\n9n/PhpA2QhtScx1U3frrP0gFAULaCDekapMn7A2p9ai7jRTWUyj2hRc7AevjSI/5/0NOipA2\nwg2ptV8ufZ3SMHiv3cOYW5J9CWxQnNkwP0LaiMb2TfNIUZqvS5xVy7DjSKa+i3Pt5kdIG9Hc\nUXDznHMXMg/fHaM1Hi3PbPCaZzakz4uXZfRXTts25Z7uCjFCAgQICRAgJECAkAABQgIECAkQ\nICRAgJAAAUICBAgJECAkQICQAAFCAgQICRAgJECAkAABQgIECAkQICRAgJAAAUICBAgJECAk\nQICQAAFCAgQICRAgJECAkAABQgIECAkQICRA4H8LlV8pwAN8rgAAAABJRU5ErkJggg==",
      "text/plain": [
       "Plot with title \"Efficient Frontier\""
      ]
     },
     "metadata": {
      "image/png": {
       "height": 420,
       "width": 420
      }
     },
     "output_type": "display_data"
    }
   ],
   "source": [
    "plot(fronteira_eficiente, plot.asset = TRUE,\n",
    "     col = ifelse(fronteira_eficiente$er == carteira_eficiente$er,\"red\",\n",
    "                  \"blue\"), pch = 16)\n",
    "points(carteira_min_risco$sd, carteira_min_risco$er, col = \"green\", pch = 10, cex = 2)\n",
    "points(carteira_eficiente$sd, carteira_eficiente$er, col = \"red\", pch = 10, cex = 2)\n",
    "text(carteira_min_risco$sd, carteira_min_risco$er, labels = \"Risco Mínimo\", pos = 2)\n",
    "text(carteira_eficiente$sd, carteira_eficiente$er, labels = \"Carteira Eficiente\", pos = 2)\n",
    "tangente <- (carteira_eficiente$er - tx_livre_risco)/carteira_eficiente$sd\n",
    "abline(a = tx_livre_risco, b = tangente, col = \"green\", lwd = 2)"
   ]
  },
  {
   "cell_type": "code",
   "execution_count": 14,
   "metadata": {},
   "outputs": [
    {
     "data": {
